word, count, percent, cum
и, 258, 4.20, 4.20
въ, 199, 3.24, 7.45
, 137, 2.23, 9.68
на, 114, 1.86, 11.53
съ, 60, 0.98, 12.51
къ, 48, 0.78, 13.29
изъ, 40, 0.65, 13.95
по, 36, 0.59, 14.53
о, 31, 0.51, 15.04
стр, 28, 0.46, 15.49
что, 25, 0.41, 15.90
какъ, 25, 0.41, 16.31
были, 25, 0.41, 16.72
для, 24, 0.39, 17.11
не, 23, 0.37, 17.48
г, 23, 0.37, 17.86
Рис, 23, 0.37, 18.23
онъ, 22, 0.36, 18.59
же, 22, 0.36, 18.95
его, 22, 0.36, 19.31
Московіи, 21, 0.34, 19.65
—, 20, 0.33, 19.97
ихъ, 19, 0.31, 20.28
Корба, 19, 0.31, 20.59
illustration:, 19, 0.31, 20.90
они, 18, 0.29, 21.20
или, 18, 0.29, 21.49
за, 18, 0.29, 21.78
то, 16, 0.26, 22.04
а, 16, 0.26, 22.30
былъ, 15, 0.24, 22.55
Россіи, 14, 0.23, 22.78
Въ, 14, 0.23, 23.00
нихъ, 13, 0.21, 23.22
Петра, 13, 0.21, 23.43
Олеарій, 13, 0.21, 23.64
было, 12, 0.20, 23.84
чтобы, 11, 0.18, 24.01
у, 11, 0.18, 24.19
Его, 11, 0.18, 24.37
это, 10, 0.16, 24.54
только, 10, 0.16, 24.70
при, 10, 0.16, 24.86
отъ, 10, 0.16, 25.02
жизни, 10, 0.16, 25.19
Олеарія, 10, 0.16, 25.35
На, 10, 0.16, 25.51
Корбъ, 10, 0.16, 25.68
i, 10, 0.16, 25.84
de, 10, 0.16, 26.00
но, 9, 0.15, 26.15
книги, 9, 0.15, 26.30
иностранцевъ, 9, 0.15, 26.44
была, 9, 0.15, 26.59
ОЛЕАРІЙ, 9, 0.15, 26.74
olearius, 9, 0.15, 26.88
три, 8, 0.13, 27.01
того, 8, 0.13, 27.14
такъ, 8, 0.13, 27.27
князя, 8, 0.13, 27.40
ея, 8, 0.13, 27.53
два, 8, 0.13, 27.66
года, 8, 0.13, 27.79
болѣе, 8, 0.13, 27.92
Герберштейнъ, 8, 0.13, 28.05
le, 8, 0.13, 28.19
illustration, 8, 0.13, 28.32
этотъ, 7, 0.11, 28.43
этомъ, 7, 0.11, 28.54
со, 7, 0.11, 28.66
русскій, 7, 0.11, 28.77
русскихъ, 7, 0.11, 28.89
однако, 7, 0.11, 29.00
нимъ, 7, 0.11, 29.11
насъ, 7, 0.11, 29.23
народа, 7, 0.11, 29.34
напримѣръ, 7, 0.11, 29.46
который, 7, 0.11, 29.57
князь, 7, 0.11, 29.68
исторіи, 7, 0.11, 29.80
во, 7, 0.11, 29.91
в, 7, 0.11, 30.03
Дневникъ, 7, 0.11, 30.14
Дневника, 7, 0.11, 30.25
Герберштейна, 7, 0.11, 30.37
эти, 6, 0.10, 30.47
уже, 6, 0.10, 30.56
также, 6, 0.10, 30.66
стрѣльцовъ, 6, 0.10, 30.76
собою, 6, 0.10, 30.86
рисунковъ, 6, 0.10, 30.95
почти, 6, 0.10, 31.05
посольства, 6, 0.10, 31.15
послѣ, 6, 0.10, 31.25
мы, 6, 0.10, 31.35
которыя, 6, 0.10, 31.44
имѣется, 6, 0.10, 31.54
изданія, 6, 0.10, 31.64
до, 6, 0.10, 31.74
двѣ, 6, 0.10, 31.83
говоритъ, 6, 0.10, 31.93
гдѣ, 6, 0.10, 32.03
всѣхъ, 6, 0.10, 32.13
всѣ, 6, 0.10, 32.23
время, 6, 0.10, 32.32
бы, 6, 0.10, 32.42
большой, 6, 0.10, 32.52
безъ, 6, 0.10, 32.62
Россію, 6, 0.10, 32.71
Когда, 6, 0.10, 32.81
ВЪ, 6, 0.10, 32.91
Апостола, 6, 0.10, 33.01
xvii, 6, 0.10, 33.11
xvi, 6, 0.10, 33.20
я, 5, 0.08, 33.28
этой, 5, 0.08, 33.37
этого, 5, 0.08, 33.45
черезъ, 5, 0.08, 33.53
тамъ, 5, 0.08, 33.61
ст, 5, 0.08, 33.69
себя, 5, 0.08, 33.77
русскаго, 5, 0.08, 33.85
разсказъ, 5, 0.08, 33.94
раза, 5, 0.08, 34.02
передъ, 5, 0.08, 34.10
очень, 5, 0.08, 34.18
образомъ, 5, 0.08, 34.26
немъ, 5, 0.08, 34.34
которомъ, 5, 0.08, 34.42
имъ, 5, 0.08, 34.51
золотомъ, 5, 0.08, 34.59
другъ, 5, 0.08, 34.67
драгоцѣнными, 5, 0.08, 34.75
гравюры, 5, 0.08, 34.83
го, 5, 0.08, 34.91
весьма, 5, 0.08, 35.00
Хроники, 5, 0.08, 35.08
Съ, 5, 0.08, 35.16
Парижѣ, 5, 0.08, 35.24
Московія, 5, 0.08, 35.32
этихъ, 4, 0.07, 35.39
экземпляръ, 4, 0.07, 35.45
шли, 4, 0.07, 35.52
шапкахъ, 4, 0.07, 35.58
царя, 4, 0.07, 35.65
умершихъ, 4, 0.07, 35.71
тѣмъ, 4, 0.07, 35.78
тотъ, 4, 0.07, 35.84
стѣны, 4, 0.07, 35.91
стояли, 4, 0.07, 35.97
среди, 4, 0.07, 36.04
собранія, 4, 0.07, 36.10
слѣдуетъ, 4, 0.07, 36.17
своихъ, 4, 0.07, 36.23
рѣдкость, 4, 0.07, 36.30
русскіе, 4, 0.07, 36.36
руку, 4, 0.07, 36.43
разсказываетъ, 4, 0.07, 36.49
противъ, 4, 0.07, 36.56
принадлежитъ, 4, 0.07, 36.62
представляетъ, 4, 0.07, 36.69
послы, 4, 0.07, 36.75
пословъ, 4, 0.07, 36.82
подъ, 4, 0.07, 36.88
ограды, 4, 0.07, 36.95
нравовъ, 4, 0.07, 37.02
населенія, 4, 0.07, 37.08
народъ, 4, 0.07, 37.15
наиболѣе, 4, 0.07, 37.21
могли, 4, 0.07, 37.28
людей, 4, 0.07, 37.34
которыхъ, 4, 0.07, 37.41
которые, 4, 0.07, 37.47
которой, 4, 0.07, 37.54
котораго, 4, 0.07, 37.60
книгъ, 4, 0.07, 37.67
камнями, 4, 0.07, 37.73
казни, 4, 0.07, 37.80
интересъ, 4, 0.07, 37.86
затѣмъ, 4, 0.07, 37.93
женщинъ, 4, 0.07, 37.99
жемчугомъ, 4, 0.07, 38.06
еще, 4, 0.07, 38.12
ее, 4, 0.07, 38.19
должны, 4, 0.07, 38.25
дерева, 4, 0.07, 38.32
день, 4, 0.07, 38.38
гравюръ, 4, 0.07, 38.45
всей, 4, 0.07, 38.51
бѣлыхъ, 4, 0.07, 38.58
большую, 4, 0.07, 38.64
Царь, 4, 0.07, 38.71
Царское, 4, 0.07, 38.77
Царскаго, 4, 0.07, 38.84
У, 4, 0.07, 38.91
Русскаго, 4, 0.07, 38.97
Послѣ, 4, 0.07, 39.04
По, 4, 0.07, 39.10
Петръ, 4, 0.07, 39.17
ПН, 4, 0.07, 39.23
Но, 4, 0.07, 39.30
Московію, 4, 0.07, 39.36
Москвѣ, 4, 0.07, 39.43
Москву, 4, 0.07, 39.49
Къ, 4, 0.07, 39.56
КОРБЪ, 4, 0.07, 39.62
Затѣмъ, 4, 0.07, 39.69
Европа, 4, 0.07, 39.75
Величество, 4, 0.07, 39.82
Величества, 4, 0.07, 39.88
les, 4, 0.07, 39.95
la, 4, 0.07, 40.01
korb, 4, 0.07, 40.08
in, 4, 0.07, 40.14
des, 4, 0.07, 40.21
ѣхать, 3, 0.05, 40.26
января, 3, 0.05, 40.31
языкъ, 3, 0.05, 40.36
этому, 3, 0.05, 40.40
эта, 3, 0.05, 40.45
экземпляровъ, 3, 0.05, 40.50
человѣкъ, 3, 0.05, 40.55
церемоніи, 3, 0.05, 40.60
царемъ, 3, 0.05, 40.65
хотя, 3, 0.05, 40.70
французскаго, 3, 0.05, 40.75
употребляютъ, 3, 0.05, 40.80
улицы, 3, 0.05, 40.84
тутъ, 3, 0.05, 40.89
торжественной, 3, 0.05, 40.94
томъ, 3, 0.05, 40.99
тому, 3, 0.05, 41.04
тд, 3, 0.05, 41.09
считается, 3, 0.05, 41.14
страны, 3, 0.05, 41.19
стояло, 3, 0.05, 41.23
стороны, 3, 0.05, 41.28
сторона, 3, 0.05, 41.33
справедливо, 3, 0.05, 41.38
сидѣли, 3, 0.05, 41.43
себѣ, 3, 0.05, 41.48
свѣчи, 3, 0.05, 41.53
своими, 3, 0.05, 41.58
свои, 3, 0.05, 41.63
своемъ, 3, 0.05, 41.67
своему, 3, 0.05, 41.72
своего, 3, 0.05, 41.77
самъ, 3, 0.05, 41.82
рѣдкихъ, 3, 0.05, 41.87
русской, 3, 0.05, 41.92
руки, 3, 0.05, 41.97
рукахъ, 3, 0.05, 42.02
появляются, 3, 0.05, 42.07
появленія, 3, 0.05, 42.11
поставлены, 3, 0.05, 42.16
посмотрѣть, 3, 0.05, 42.21
посламъ, 3, 0.05, 42.26
половинѣ, 3, 0.05, 42.31
полкъ, 3, 0.05, 42.36
перваго, 3, 0.05, 42.41
описанія, 3, 0.05, 42.46
описаніе, 3, 0.05, 42.51
онѣ, 3, 0.05, 42.55
октября, 3, 0.05, 42.60
одинъ, 3, 0.05, 42.65
одеждахъ, 3, 0.05, 42.70
нѣкоторые, 3, 0.05, 42.75
нравахъ, 3, 0.05, 42.80
ними, 3, 0.05, 42.85
никогда, 3, 0.05, 42.90
ней, 3, 0.05, 42.95
него, 3, 0.05, 42.99
нашъ, 3, 0.05, 43.04
нами, 3, 0.05, 43.09
надо, 3, 0.05, 43.14
мѣди, 3, 0.05, 43.19
можно, 3, 0.05, 43.24
могутъ, 3, 0.05, 43.29
много, 3, 0.05, 43.34
лѣтъ, 3, 0.05, 43.39
локтя, 3, 0.05, 43.43
кто, 3, 0.05, 43.48
крестъ, 3, 0.05, 43.53
которая, 3, 0.05, 43.58
когда, 3, 0.05, 43.63
какіе, 3, 0.05, 43.68
каждомъ, 3, 0.05, 43.73
интересу, 3, 0.05, 43.78
иногда, 3, 0.05, 43.83
изданій, 3, 0.05, 43.87
изданіе, 3, 0.05, 43.92
знаменитой, 3, 0.05, 43.97
ему, 3, 0.05, 44.02
другія, 3, 0.05, 44.07
другіе, 3, 0.05, 44.12
друга, 3, 0.05, 44.17
долго, 3, 0.05, 44.22
длинныя, 3, 0.05, 44.27
деревѣ, 3, 0.05, 44.31
двѣнадцать, 3, 0.05, 44.36
двое, 3, 0.05, 44.41
даже, 3, 0.05, 44.46
гравюрами, 3, 0.05, 44.51
говорятъ, 3, 0.05, 44.56
гг, 3, 0.05, 44.61
вѣроятно, 3, 0.05, 44.66
второй, 3, 0.05, 44.71
вродѣ, 3, 0.05, 44.75
времени, 3, 0.05, 44.80
водоосвященія, 3, 0.05, 44.85
вниманіе, 3, 0.05, 44.90
висѣлицы, 3, 0.05, 44.95
видѣть, 3, 0.05, 45.00
видѣ, 3, 0.05, 45.05
великій, 3, 0.05, 45.10
великому, 3, 0.05, 45.14
быта, 3, 0.05, 45.19
аудіенція, 3, 0.05, 45.24
Это, 3, 0.05, 45.29
Фридерика, 3, 0.05, 45.34
Торжество, 3, 0.05, 45.39
Рядомъ, 3, 0.05, 45.44
Русскіе, 3, 0.05, 45.49
РУССКІЕ, 3, 0.05, 45.54
Путешественникъ, 3, 0.05, 45.58
Потомъ, 3, 0.05, 45.63
Передъ, 3, 0.05, 45.68
Патріархъ, 3, 0.05, 45.73
Онъ, 3, 0.05, 45.78
Національной, 3, 0.05, 45.83
Митрополитъ, 3, 0.05, 45.88
МОСКОВІЯ, 3, 0.05, 45.93
Кремля, 3, 0.05, 45.98
И, 3, 0.05, 46.02
За, 3, 0.05, 46.07
Если, 3, 0.05, 46.12
Для, 3, 0.05, 46.17
Гравюры, 3, 0.05, 46.22
ГК, 3, 0.05, 46.27
Г, 3, 0.05, 46.32
Вѣнѣ, 3, 0.05, 46.37
Воскресеніе, 3, 0.05, 46.42
Во, 3, 0.05, 46.46
Вербное, 3, 0.05, 46.51
В, 3, 0.05, 46.56
Библіотекѣ, 3, 0.05, 46.61
Адама, 3, 0.05, 46.66
moscovites, 3, 0.05, 46.71
яйца, 2, 0.03, 46.74
языкѣ, 2, 0.03, 46.77
языки, 2, 0.03, 46.81
является, 2, 0.03, 46.84
эпохи, 2, 0.03, 46.87
экземпляра, 2, 0.03, 46.90
штуки, 2, 0.03, 46.94
шесть, 2, 0.03, 46.97
шапку, 2, 0.03, 47.00
шапки, 2, 0.03, 47.03
шагахъ, 2, 0.03, 47.07
чѣмъ, 2, 0.03, 47.10
число, 2, 0.03, 47.13
четыре, 2, 0.03, 47.17
чернаго, 2, 0.03, 47.20
чего, 2, 0.03, 47.23
часы, 2, 0.03, 47.26
часть, 2, 0.03, 47.30
часто, 2, 0.03, 47.33
цѣннымъ, 2, 0.03, 47.36
цѣнность, 2, 0.03, 47.39
цѣлью, 2, 0.03, 47.43
церкви, 2, 0.03, 47.46
церемонія, 2, 0.03, 47.49
царю, 2, 0.03, 47.52
царь, 2, 0.03, 47.56
царствованіе, 2, 0.03, 47.59
хранятся, 2, 0.03, 47.62
формѣ, 2, 0.03, 47.65
улицахъ, 2, 0.03, 47.69
украшенной, 2, 0.03, 47.72
узду, 2, 0.03, 47.75
тысячъ, 2, 0.03, 47.78
тщательностью, 2, 0.03, 47.82
тщательно, 2, 0.03, 47.85
туда, 2, 0.03, 47.88
ту, 2, 0.03, 47.91
трехъ, 2, 0.03, 47.95
тремя, 2, 0.03, 47.98
торговыхъ, 2, 0.03, 48.01
той, 2, 0.03, 48.04
тогда, 2, 0.03, 48.08
теченіе, 2, 0.03, 48.11
те, 2, 0.03, 48.14
такой, 2, 0.03, 48.18
такого, 2, 0.03, 48.21
такимъ, 2, 0.03, 48.24
судя, 2, 0.03, 48.27
стѣнъ, 2, 0.03, 48.31
стрѣльцамъ, 2, 0.03, 48.34
страна, 2, 0.03, 48.37
стоялъ, 2, 0.03, 48.40
стояла, 2, 0.03, 48.44
сторонъ, 2, 0.03, 48.47
столѣтія, 2, 0.03, 48.50
столько, 2, 0.03, 48.53
степени, 2, 0.03, 48.57
сталъ, 2, 0.03, 48.60
сочиненій, 2, 0.03, 48.63
состояніи, 2, 0.03, 48.66
составъ, 2, 0.03, 48.70
сопровождалъ, 2, 0.03, 48.73
солдатъ, 2, 0.03, 48.76
совѣтники, 2, 0.03, 48.79
современниковъ, 2, 0.03, 48.83
снова, 2, 0.03, 48.86
слѣдовалъ, 2, 0.03, 48.89
службу, 2, 0.03, 48.92
слуги, 2, 0.03, 48.96
сколько, 2, 0.03, 48.99
скипетръ, 2, 0.03, 49.02
сказать, 2, 0.03, 49.06
сильнымъ, 2, 0.03, 49.09
сидѣлъ, 2, 0.03, 49.12
серебряными, 2, 0.03, 49.15
серебряный, 2, 0.03, 49.19
сейчасъ, 2, 0.03, 49.22
свѣтъ, 2, 0.03, 49.25
сводчатое, 2, 0.03, 49.28
самымъ, 2, 0.03, 49.32
рѣки, 2, 0.03, 49.35
рядомъ, 2, 0.03, 49.38
русскую, 2, 0.03, 49.41
рукѣ, 2, 0.03, 49.45
родился, 2, 0.03, 49.48
рисунки, 2, 0.03, 49.51
рисовальщикомъ, 2, 0.03, 49.54
религіозными, 2, 0.03, 49.58
разстилали, 2, 0.03, 49.61
пять, 2, 0.03, 49.64
пяти, 2, 0.03, 49.67
пути, 2, 0.03, 49.71
путешественниковъ, 2, 0.03, 49.74
прошли, 2, 0.03, 49.77
произведеніемъ, 2, 0.03, 49.80
привязаны, 2, 0.03, 49.84
пребыванія, 2, 0.03, 49.87
потомъ, 2, 0.03, 49.90
постоянно, 2, 0.03, 49.93
посольствѣ, 2, 0.03, 49.97
посолъ, 2, 0.03, 50.00
посла, 2, 0.03, 50.03
попы, 2, 0.03, 50.07
попъ, 2, 0.03, 50.10
попу, 2, 0.03, 50.13
помѣщеніе, 2, 0.03, 50.16
помѣщены, 2, 0.03, 50.20
поминаютъ, 2, 0.03, 50.23
пользоваться, 2, 0.03, 50.26
пользовался, 2, 0.03, 50.29
полнаго, 2, 0.03, 50.33
полку, 2, 0.03, 50.36
покрыта, 2, 0.03, 50.39
подробный, 2, 0.03, 50.42
планѣ, 2, 0.03, 50.46
переплетѣ, 2, 0.03, 50.49
первый, 2, 0.03, 50.52
первомъ, 2, 0.03, 50.55
патріархомъ, 2, 0.03, 50.59
палачей, 2, 0.03, 50.62
офицеры, 2, 0.03, 50.65
отправился, 2, 0.03, 50.68
относится, 2, 0.03, 50.72
особаго, 2, 0.03, 50.75
орудій, 2, 0.03, 50.78
опубликованія, 2, 0.03, 50.81
октябрѣ, 2, 0.03, 50.85
одной, 2, 0.03, 50.88
одного, 2, 0.03, 50.91
однимъ, 2, 0.03, 50.94
одежды, 2, 0.03, 50.98
обычаяхъ, 2, 0.03, 51.01
обычаи, 2, 0.03, 51.04
обывательскихъ, 2, 0.03, 51.08
обращались, 2, 0.03, 51.11
областей, 2, 0.03, 51.14
нѣчто, 2, 0.03, 51.17
нѣсколько, 2, 0.03, 51.21
нравы, 2, 0.03, 51.24
новыхъ, 2, 0.03, 51.27
ничего, 2, 0.03, 51.30
несли, 2, 0.03, 51.34
началѣ, 2, 0.03, 51.37
напротивъ, 2, 0.03, 51.40
напоминающій, 2, 0.03, 51.43
намъ, 2, 0.03, 51.47
наклоняя, 2, 0.03, 51.50
наклоняютъ, 2, 0.03, 51.53
наблюденіемъ, 2, 0.03, 51.56
наблюдая, 2, 0.03, 51.60
мѣсто, 2, 0.03, 51.63
московскимъ, 2, 0.03, 51.66
моря, 2, 0.03, 51.69
можетъ, 2, 0.03, 51.73
могъ, 2, 0.03, 51.76
могилы, 2, 0.03, 51.79
мною, 2, 0.03, 51.82
множествомъ, 2, 0.03, 51.86
множество, 2, 0.03, 51.89
многіе, 2, 0.03, 51.92
мимо, 2, 0.03, 51.96
менѣе, 2, 0.03, 51.99
меня, 2, 0.03, 52.02
матеріалъ, 2, 0.03, 52.05
мало, 2, 0.03, 52.09
люди, 2, 0.03, 52.12
лукъ, 2, 0.03, 52.15
лошадь, 2, 0.03, 52.18
лошадей, 2, 0.03, 52.22
лишь, 2, 0.03, 52.25
лично, 2, 0.03, 52.28
лицо, 2, 0.03, 52.31
лисьихъ, 2, 0.03, 52.35
ли, 2, 0.03, 52.38
куски, 2, 0.03, 52.41
купцы, 2, 0.03, 52.44
крупнымъ, 2, 0.03, 52.48
кругомъ, 2, 0.03, 52.51
кромѣ, 2, 0.03, 52.54
крестомъ, 2, 0.03, 52.57
край, 2, 0.03, 52.61
которымъ, 2, 0.03, 52.64
которыми, 2, 0.03, 52.67
которую, 2, 0.03, 52.70
которому, 2, 0.03, 52.74
концѣ, 2, 0.03, 52.77
кожаномъ, 2, 0.03, 52.80
князю, 2, 0.03, 52.83
князья, 2, 0.03, 52.87
княземъ, 2, 0.03, 52.90
книга, 2, 0.03, 52.93
качествѣ, 2, 0.03, 52.97
кафтанахъ, 2, 0.03, 53.00
канцлеру, 2, 0.03, 53.03
какой, 2, 0.03, 53.06
каждую, 2, 0.03, 53.10
каждой, 2, 0.03, 53.13
кадильницы, 2, 0.03, 53.16
источниковъ, 2, 0.03, 53.19
историческому, 2, 0.03, 53.23
историкъ, 2, 0.03, 53.26
историки, 2, 0.03, 53.29
искусно, 2, 0.03, 53.32
иностранцамъ, 2, 0.03, 53.36
иностранцами, 2, 0.03, 53.39
имѣютъ, 2, 0.03, 53.42
имена, 2, 0.03, 53.45
изображеніемъ, 2, 0.03, 53.49
изображающія, 2, 0.03, 53.52
изданъ, 2, 0.03, 53.55
игры, 2, 0.03, 53.58
золотыхъ, 2, 0.03, 53.62
золотой, 2, 0.03, 53.65
золотая, 2, 0.03, 53.68
значительно, 2, 0.03, 53.71
знатнѣйшіе, 2, 0.03, 53.75
зналъ, 2, 0.03, 53.78
знала, 2, 0.03, 53.81
знакомый, 2, 0.03, 53.84
заняты, 2, 0.03, 53.88
замѣтки, 2, 0.03, 53.91
забавы, 2, 0.03, 53.94
жизнь, 2, 0.03, 53.98
женщины, 2, 0.03, 54.01
дѣло, 2, 0.03, 54.04
духовенство, 2, 0.03, 54.07
друзей, 2, 0.03, 54.11
другу, 2, 0.03, 54.14
другихъ, 2, 0.03, 54.17
другимъ, 2, 0.03, 54.20
др, 2, 0.03, 54.24
домахъ, 2, 0.03, 54.27
довольно, 2, 0.03, 54.30
днемъ, 2, 0.03, 54.33
длинныхъ, 2, 0.03, 54.37
держатъ, 2, 0.03, 54.40
держалъ, 2, 0.03, 54.43
деревянныхъ, 2, 0.03, 54.46
дерево, 2, 0.03, 54.50
деВеррю, 2, 0.03, 54.53
двухъ, 2, 0.03, 54.56
дворѣ, 2, 0.03, 54.59
дворъ, 2, 0.03, 54.63
движеніе, 2, 0.03, 54.66
гравюрѣ, 2, 0.03, 54.69
государственный, 2, 0.03, 54.72
государственные, 2, 0.03, 54.76
головы, 2, 0.03, 54.79
голову, 2, 0.03, 54.82
году, 2, 0.03, 54.86
главѣ, 2, 0.03, 54.89
главнымъ, 2, 0.03, 54.92
генерала, 2, 0.03, 54.95
вѣка, 2, 0.03, 54.99
вышли, 2, 0.03, 55.02
высокихъ, 2, 0.03, 55.05
всегда, 2, 0.03, 55.08
всадники, 2, 0.03, 55.12
вошли, 2, 0.03, 55.15
вотъ, 2, 0.03, 55.18
воспроизводимой, 2, 0.03, 55.21
воздухъ, 2, 0.03, 55.25
возбуждаемому, 2, 0.03, 55.28
вмѣстѣ, 2, 0.03, 55.31
видъ, 2, 0.03, 55.34
величиной, 2, 0.03, 55.38
великолѣпіе, 2, 0.03, 55.41
великаго, 2, 0.03, 55.44
быть, 2, 0.03, 55.47
бытъ, 2, 0.03, 55.51
бояре, 2, 0.03, 55.54
боярами, 2, 0.03, 55.57
большихъ, 2, 0.03, 55.60
большимъ, 2, 0.03, 55.64
богатый, 2, 0.03, 55.67
блескъ, 2, 0.03, 55.70
благословеніемъ, 2, 0.03, 55.73
библіотекѣ, 2, 0.03, 55.77
библіографическую, 2, 0.03, 55.80
береговъ, 2, 0.03, 55.83
аудіенціи, 2, 0.03, 55.87
апрѣля, 2, 0.03, 55.90
автора, 2, 0.03, 55.93
августа, 2, 0.03, 55.96
ЯНВАРЯ, 2, 0.03, 56.00
Этотъ, 2, 0.03, 56.03
Цесарскаго, 2, 0.03, 56.06
Царства, 2, 0.03, 56.09
ХviХvii, 2, 0.03, 56.13
Феодоровичу, 2, 0.03, 56.16
ФРАНЦ, 2, 0.03, 56.19
Уже, 2, 0.03, 56.22
УМЕРШИХЪ, 2, 0.03, 56.26
Торжественная, 2, 0.03, 56.29
Такъ, 2, 0.03, 56.32
ТОРЖЕСТВО, 2, 0.03, 56.35
ТОРЖЕСТВЕННАЯ, 2, 0.03, 56.39
Сибирь, 2, 0.03, 56.42
Сейчасъ, 2, 0.03, 56.45
СТРѢЛЬЦОВЪ, 2, 0.03, 56.48
Россія, 2, 0.03, 56.52
РУССКІЙ, 2, 0.03, 56.55
Путешествіе», 2, 0.03, 56.58
Процессія, 2, 0.03, 56.61
Противъ, 2, 0.03, 56.65
Преображенскимъ, 2, 0.03, 56.68
Посольства, 2, 0.03, 56.71
Польши, 2, 0.03, 56.74
Подарки, 2, 0.03, 56.78
Петромъ, 2, 0.03, 56.81
Персидское, 2, 0.03, 56.84
ПЕРЕРИСОВКѢ, 2, 0.03, 56.88
П, 2, 0.03, 56.91
Они, 2, 0.03, 56.94
Объ, 2, 0.03, 56.97
Нѣкоторые, 2, 0.03, 57.01
Не, 2, 0.03, 57.04
Напротивъ, 2, 0.03, 57.07
Н, 2, 0.03, 57.10
Мы, 2, 0.03, 57.14
Михаилу, 2, 0.03, 57.17
Михаиломъ, 2, 0.03, 57.20
МОСКОВІИ, 2, 0.03, 57.23
ЛУКОМСКІЙ, 2, 0.03, 57.27
Корбомъ, 2, 0.03, 57.30
Книга, 2, 0.03, 57.33
Ключевскій, 2, 0.03, 57.36
Казни, 2, 0.03, 57.40
Кавказъ, 2, 0.03, 57.43
КЪ, 2, 0.03, 57.46
КОЛОКОЛЬНЯ, 2, 0.03, 57.49
КАЗАКЪ, 2, 0.03, 57.53
Ихъ, 2, 0.03, 57.56
Изъ, 2, 0.03, 57.59
ИВАНА, 2, 0.03, 57.62
Женщины, 2, 0.03, 57.66
ЖЕНЩИНЪ, 2, 0.03, 57.69
Европѣ, 2, 0.03, 57.72
Европу, 2, 0.03, 57.75
До, 2, 0.03, 57.79
Далѣе, 2, 0.03, 57.82
Границы, 2, 0.03, 57.85
Государства, 2, 0.03, 57.89
Голштинскаго, 2, 0.03, 57.92
ГЕРБЕРШТЕЙНЪ, 2, 0.03, 57.95
Въѣздъ, 2, 0.03, 57.98
Впереди, 2, 0.03, 58.02
Вотъ, 2, 0.03, 58.05
Величеству, 2, 0.03, 58.08
Великій, 2, 0.03, 58.11
Вдоль, 2, 0.03, 58.15
Василія, 2, 0.03, 58.18
ВСАДНИКИ, 2, 0.03, 58.21
ВОСКРЕСЕНІЕ, 2, 0.03, 58.24
ВОДООСВЯЩЕНІЯ, 2, 0.03, 58.28
ВО, 2, 0.03, 58.31
ВЕРБНОЕ, 2, 0.03, 58.34
ВЕЛИКАГО, 2, 0.03, 58.37
Блаженнаго, 2, 0.03, 58.41
Берлинѣ, 2, 0.03, 58.44
Англіи, 2, 0.03, 58.47
Амстердамѣ, 2, 0.03, 58.50
АУДІЕНЦІЯ, 2, 0.03, 58.54
АПОСТОЛА, 2, 0.03, 58.57
à, 2, 0.03, 58.60
«Московитское, 2, 0.03, 58.63
«das, 2, 0.03, 58.67
xviii, 2, 0.03, 58.70
veränderte, 2, 0.03, 58.73
the, 2, 0.03, 58.77
russland», 2, 0.03, 58.80
russes, 2, 0.03, 58.83
pierre, 2, 0.03, 58.86
of, 2, 0.03, 58.90
moscoviticarum, 2, 0.03, 58.93
moreau, 2, 0.03, 58.96
jeune, 2, 0.03, 58.99
impériale, 2, 0.03, 59.03
ii, 2, 0.03, 59.06
herberstein, 2, 0.03, 59.09
grand, 2, 0.03, 59.12
folio, 2, 0.03, 59.16
etc, 2, 0.03, 59.19
et, 2, 0.03, 59.22
du, 2, 0.03, 59.25
cavaliers, 2, 0.03, 59.29
Ѳеодоръ, 1, 0.02, 59.30
ѲЕОДОРЪ, 1, 0.02, 59.32
ѣздившій, 1, 0.02, 59.34
ѣдутъ, 1, 0.02, 59.35
іюля, 1, 0.02, 59.37
іn, 1, 0.02, 59.38
ящикъ, 1, 0.02, 59.40
яркій, 1, 0.02, 59.42
ярко, 1, 0.02, 59.43
яркимъ, 1, 0.02, 59.45
языка, 1, 0.02, 59.47
являющійся, 1, 0.02, 59.48
явленіямъ, 1, 0.02, 59.50
явленія, 1, 0.02, 59.51
явиться, 1, 0.02, 59.53
явилась, 1, 0.02, 59.55
яблоковъ, 1, 0.02, 59.56
яблокахъ, 1, 0.02, 59.58
этимъ, 1, 0.02, 59.60
этими, 1, 0.02, 59.61
этикета;, 1, 0.02, 59.63
эпоху, 1, 0.02, 59.64
экспедиціи, 1, 0.02, 59.66
экзотическій, 1, 0.02, 59.68
экземплярѣ, 1, 0.02, 59.69
экземпляры, 1, 0.02, 59.71
экземплярамъ, 1, 0.02, 59.73
шубу, 1, 0.02, 59.74
шлемъ, 1, 0.02, 59.76
шла, 1, 0.02, 59.78
широкой, 1, 0.02, 59.79
шею, 1, 0.02, 59.81
шестеркой, 1, 0.02, 59.82
шествія, 1, 0.02, 59.84
шествіе, 1, 0.02, 59.86
шаръ, 1, 0.02, 59.87
чужая, 1, 0.02, 59.89
чудесныя, 1, 0.02, 59.91
чудесными, 1, 0.02, 59.92
чугуннымъ, 1, 0.02, 59.94
чтеніи, 1, 0.02, 59.95
читать, 1, 0.02, 59.97
читателя, 1, 0.02, 59.99
читали, 1, 0.02, 60.00
чистомъ, 1, 0.02, 60.02
чисто, 1, 0.02, 60.04
числа, 1, 0.02, 60.05
чешуи, 1, 0.02, 60.07
четырехугольное, 1, 0.02, 60.08
четко, 1, 0.02, 60.10
честь, 1, 0.02, 60.12
черныхъ, 1, 0.02, 60.13
черной, 1, 0.02, 60.15
черное, 1, 0.02, 60.17
человѣческаго, 1, 0.02, 60.18
чашка, 1, 0.02, 60.20
частью, 1, 0.02, 60.22
частности, 1, 0.02, 60.23
части, 1, 0.02, 60.25
частаго, 1, 0.02, 60.26
цѣпи, 1, 0.02, 60.28
цѣнное, 1, 0.02, 60.30
цѣлымъ, 1, 0.02, 60.31
цѣлуются, 1, 0.02, 60.33
цѣловали, 1, 0.02, 60.35
цѣли, 1, 0.02, 60.36
цитаты, 1, 0.02, 60.38
цесарскаго, 1, 0.02, 60.39
церковь, 1, 0.02, 60.41
церемоніей, 1, 0.02, 60.43
центральная, 1, 0.02, 60.44
цвѣтъ, 1, 0.02, 60.46
цвѣта, 1, 0.02, 60.48
царяреформатора, 1, 0.02, 60.49
царямъ, 1, 0.02, 60.51
царствованія, 1, 0.02, 60.52
царскій, 1, 0.02, 60.54
царскихъ, 1, 0.02, 60.56
царскаго, 1, 0.02, 60.57
царей, 1, 0.02, 60.59
художниковъ, 1, 0.02, 60.61
художника, 1, 0.02, 60.62
художественнаго, 1, 0.02, 60.64
хрустальная, 1, 0.02, 60.65
христіанскаго, 1, 0.02, 60.67
христіанамъединовѣрцамъ», 1, 0.02, 60.69
хризолитовъ;, 1, 0.02, 60.70
хоругви, 1, 0.02, 60.72
хорошо, 1, 0.02, 60.74
хорошенько, 1, 0.02, 60.75
хора, 1, 0.02, 60.77
холодомъ, 1, 0.02, 60.79
холодную, 1, 0.02, 60.80
хозяинъ, 1, 0.02, 60.82
хозяиномъ, 1, 0.02, 60.83
ходить, 1, 0.02, 60.85
ходилъ, 1, 0.02, 60.87
хитрости, 1, 0.02, 60.88
характеръ, 1, 0.02, 60.90
характерны, 1, 0.02, 60.92
характеристики, 1, 0.02, 60.93
халаты, 1, 0.02, 60.95
фронтисписа, 1, 0.02, 60.96
французскій, 1, 0.02, 60.98
французскомъ, 1, 0.02, 61.00
французскому, 1, 0.02, 61.01
французскими, 1, 0.02, 61.03
француза, 1, 0.02, 61.05
формы:, 1, 0.02, 61.06
формы, 1, 0.02, 61.08
формахъ, 1, 0.02, 61.09
формальное, 1, 0.02, 61.11
фонарь, 1, 0.02, 61.13
флотѣ, 1, 0.02, 61.14
фигъ, 1, 0.02, 61.16
фасона, 1, 0.02, 61.18
фамилія, 1, 0.02, 61.19
факты, 1, 0.02, 61.21
фактъ, 1, 0.02, 61.23
уютныхъ, 1, 0.02, 61.24
уши, 1, 0.02, 61.26
учившаго, 1, 0.02, 61.27
ученыхъ, 1, 0.02, 61.29
ученымъ, 1, 0.02, 61.31
участника, 1, 0.02, 61.32
участившееся, 1, 0.02, 61.34
уходилъ, 1, 0.02, 61.36
усыпанными, 1, 0.02, 61.37
устроены, 1, 0.02, 61.39
устраиваютъ, 1, 0.02, 61.40
установленія, 1, 0.02, 61.42
успѣхи, 1, 0.02, 61.44
усиливалъ, 1, 0.02, 61.45
усиливается, 1, 0.02, 61.47
усиленно, 1, 0.02, 61.49
управляются, 1, 0.02, 61.50
употреблять, 1, 0.02, 61.52
упомянемъ, 1, 0.02, 61.53
упоминаютъ, 1, 0.02, 61.55
уничтожило, 1, 0.02, 61.57
уничтоженія, 1, 0.02, 61.58
университетѣ, 1, 0.02, 61.60
умѣютъ, 1, 0.02, 61.62
умѣніе, 1, 0.02, 61.63
умыться, 1, 0.02, 61.65
умыванія, 1, 0.02, 61.67
умерли, 1, 0.02, 61.68
улыбкой, 1, 0.02, 61.70
улучшить, 1, 0.02, 61.71
укрѣпленій, 1, 0.02, 61.73
украшенія, 1, 0.02, 61.75
украшенныя, 1, 0.02, 61.76
украшенномъ, 1, 0.02, 61.78
украшенное, 1, 0.02, 61.80
украсилъ, 1, 0.02, 61.81
указаніямъ», 1, 0.02, 61.83
уздцы, 1, 0.02, 61.84
узами, 1, 0.02, 61.86
ужасы, 1, 0.02, 61.88
удостоился, 1, 0.02, 61.89
удивленіемъ, 1, 0.02, 61.91
удерживали, 1, 0.02, 61.93
ударовъ, 1, 0.02, 61.94
ударить, 1, 0.02, 61.96
удалось, 1, 0.02, 61.97
угодно, 1, 0.02, 61.99
увидѣвъ, 1, 0.02, 62.01
уборы, 1, 0.02, 62.02
убавила, 1, 0.02, 62.04
тѣхъ, 1, 0.02, 62.06
тѣлесныхъ, 1, 0.02, 62.07
тянули, 1, 0.02, 62.09
тяжести, 1, 0.02, 62.10
тюрьмы, 1, 0.02, 62.12
тысячу, 1, 0.02, 62.14
тысячи, 1, 0.02, 62.15
турокъ, 1, 0.02, 62.17
турки, 1, 0.02, 62.19
туристовъ, 1, 0.02, 62.20
труповъ, 1, 0.02, 62.22
труды, 1, 0.02, 62.24
трудъ, 1, 0.02, 62.25
труда, 1, 0.02, 62.27
трубой, 1, 0.02, 62.28
трономъ, 1, 0.02, 62.30
трона, 1, 0.02, 62.32
троекратные, 1, 0.02, 62.33
трое, 1, 0.02, 62.35
трогая, 1, 0.02, 62.37
трижды, 1, 0.02, 62.38
трехъчетырехъ, 1, 0.02, 62.40
трехкратнымъ, 1, 0.02, 62.41
трехкратнаго, 1, 0.02, 62.43
третій, 1, 0.02, 62.45
третьяго, 1, 0.02, 62.46
требуетъ, 1, 0.02, 62.48
требованію, 1, 0.02, 62.50
трактатахъ, 1, 0.02, 62.51
трагедія, 1, 0.02, 62.53
точность, 1, 0.02, 62.54
тотчасъ, 1, 0.02, 62.56
торжество, 1, 0.02, 62.58
торжественныхъ, 1, 0.02, 62.59
торжества, 1, 0.02, 62.61
торговыя, 1, 0.02, 62.63
торговую, 1, 0.02, 62.64
топорикъ, 1, 0.02, 62.66
топора, 1, 0.02, 62.68
тонкости, 1, 0.02, 62.69
толщиной, 1, 0.02, 62.71
толстой, 1, 0.02, 62.72
толсто, 1, 0.02, 62.74
толпѣ, 1, 0.02, 62.76
толпилось, 1, 0.02, 62.77
толкнулъ, 1, 0.02, 62.79
товарищъ, 1, 0.02, 62.81
то:, 1, 0.02, 62.82
тираніи, 1, 0.02, 62.84
тиранагосударя, 1, 0.02, 62.85
типографіи, 1, 0.02, 62.87
типа, 1, 0.02, 62.89
ти, 1, 0.02, 62.90
телѣгѣ, 1, 0.02, 62.92
текущую, 1, 0.02, 62.94
текстъ, 1, 0.02, 62.95
твердомъ, 1, 0.02, 62.97
тащили, 1, 0.02, 62.98
татарина, 1, 0.02, 63.00
такіе, 1, 0.02, 63.02
такомъ, 1, 0.02, 63.03
такое, 1, 0.02, 63.05
таинственный, 1, 0.02, 63.07
таинственная, 1, 0.02, 63.08
сѣрой, 1, 0.02, 63.10
сѣкирою, 1, 0.02, 63.12
сѣдыми, 1, 0.02, 63.13
сѣверовосточный, 1, 0.02, 63.15
сѣверныхъ, 1, 0.02, 63.16
сѣверная, 1, 0.02, 63.18
сіяетъ, 1, 0.02, 63.20
сямъ, 1, 0.02, 63.21
сырымъ, 1, 0.02, 63.23
сынѣ;, 1, 0.02, 63.25
считая, 1, 0.02, 63.26
считаетъ, 1, 0.02, 63.28
счелъ, 1, 0.02, 63.29
счастья, 1, 0.02, 63.31
сходство, 1, 0.02, 63.33
сходства, 1, 0.02, 63.34
схватить, 1, 0.02, 63.36
существуетъ, 1, 0.02, 63.38
существенной, 1, 0.02, 63.39
суровой, 1, 0.02, 63.41
сукномъ;, 1, 0.02, 63.42
сукномъ, 1, 0.02, 63.44
сукна, 1, 0.02, 63.46
сужденія, 1, 0.02, 63.47
судъ, 1, 0.02, 63.49
судилъ, 1, 0.02, 63.51
судили, 1, 0.02, 63.52
судебъ, 1, 0.02, 63.54
субботу, 1, 0.02, 63.55
стѣнахъ, 1, 0.02, 63.57
стягомъ, 1, 0.02, 63.59
стяги, 1, 0.02, 63.60
стяга, 1, 0.02, 63.62
ступени, 1, 0.02, 63.64
стрѣльцы, 1, 0.02, 63.65
стрѣльцовъ», 1, 0.02, 63.67
стрѣльцами, 1, 0.02, 63.69
стрѣлъ, 1, 0.02, 63.70
стрѣлу, 1, 0.02, 63.72
стремится, 1, 0.02, 63.73
страшнымъ, 1, 0.02, 63.75
странъ, 1, 0.02, 63.77
страну, 1, 0.02, 63.78
страницы, 1, 0.02, 63.80
страницъ, 1, 0.02, 63.82
страданій, 1, 0.02, 63.83
стоятъ, 1, 0.02, 63.85
стоявшаго, 1, 0.02, 63.86
сторонѣ, 1, 0.02, 63.88
сторону, 1, 0.02, 63.90
сторонамъ, 1, 0.02, 63.91
столѣтія:, 1, 0.02, 63.93
столькихъ, 1, 0.02, 63.95
столь, 1, 0.02, 63.96
столомъ, 1, 0.02, 63.98
столбъ, 1, 0.02, 63.99
столбу, 1, 0.02, 64.01
стола, 1, 0.02, 64.03
стенаньямъ, 1, 0.02, 64.04
стекавшагося, 1, 0.02, 64.06
старые, 1, 0.02, 64.08
старомъ, 1, 0.02, 64.09
старой, 1, 0.02, 64.11
стариной, 1, 0.02, 64.13
старинномъ, 1, 0.02, 64.14
становятся, 1, 0.02, 64.16
станетъ, 1, 0.02, 64.17
стали, 1, 0.02, 64.19
стала, 1, 0.02, 64.21
ставятъ, 1, 0.02, 64.22
сравнительно, 1, 0.02, 64.24
сравненію, 1, 0.02, 64.26
сравненіе, 1, 0.02, 64.27
спросилъ, 1, 0.02, 64.29
справляли, 1, 0.02, 64.30
споря, 1, 0.02, 64.32
союзъ, 1, 0.02, 64.34
сочиненіи, 1, 0.02, 64.35
сохранилось, 1, 0.02, 64.37
сохранившіеся, 1, 0.02, 64.39
сосудъ, 1, 0.02, 64.40
состраданія, 1, 0.02, 64.42
составляетъ, 1, 0.02, 64.43
составленный, 1, 0.02, 64.45
составить, 1, 0.02, 64.47
составителей, 1, 0.02, 64.48
сорочкахъ, 1, 0.02, 64.50
сопровожденъ, 1, 0.02, 64.52
сопровождающіе, 1, 0.02, 64.53
сопровождаютъ, 1, 0.02, 64.55
сопровождали, 1, 0.02, 64.57
соотвѣтственно, 1, 0.02, 64.58
сообщаются, 1, 0.02, 64.60
сообщали, 1, 0.02, 64.61
сокровищницамъ, 1, 0.02, 64.63
соединеніи, 1, 0.02, 64.65
содержащихъ, 1, 0.02, 64.66
совѣтника, 1, 0.02, 64.68
современника, 1, 0.02, 64.70
совершенно, 1, 0.02, 64.71
совершалъ, 1, 0.02, 64.73
событіяхъ, 1, 0.02, 64.74
собственноручно, 1, 0.02, 64.76
собраніе, 1, 0.02, 64.78
собралось, 1, 0.02, 64.79
собольихъ, 1, 0.02, 64.81
собольей, 1, 0.02, 64.83
соблюдая, 1, 0.02, 64.84
собираютъ, 1, 0.02, 64.86
снѣжный, 1, 0.02, 64.87
снѣгъ, 1, 0.02, 64.89
сняла, 1, 0.02, 64.91
сношенія, 1, 0.02, 64.92
сношеній, 1, 0.02, 64.94
снимали, 1, 0.02, 64.96
снимаетъ, 1, 0.02, 64.97
снизу, 1, 0.02, 64.99
смѣющимся, 1, 0.02, 65.00
смѣются, 1, 0.02, 65.02
смѣшиваютъ, 1, 0.02, 65.04
смѣнилъ, 1, 0.02, 65.05
смѣлое, 1, 0.02, 65.07
смотрѣть, 1, 0.02, 65.09
сметавшей, 1, 0.02, 65.10
слѣдятъ, 1, 0.02, 65.12
слѣдующіе:, 1, 0.02, 65.14
слѣдующихъ, 1, 0.02, 65.15
слѣдующемъ, 1, 0.02, 65.17
слѣдующаго, 1, 0.02, 65.18
слѣдовать, 1, 0.02, 65.20
слѣдовательно, 1, 0.02, 65.22
слѣдовало, 1, 0.02, 65.23
слѣдовали, 1, 0.02, 65.25
слѣдить, 1, 0.02, 65.27
слѣдитъ, 1, 0.02, 65.28
слѣва, 1, 0.02, 65.30
слушалъ, 1, 0.02, 65.31
случаѣ, 1, 0.02, 65.33
случаяхъ, 1, 0.02, 65.35
случаю, 1, 0.02, 65.36
случайнымъ, 1, 0.02, 65.38
слухамъ, 1, 0.02, 65.40
служителя, 1, 0.02, 65.41
службѣ, 1, 0.02, 65.43
служатъ, 1, 0.02, 65.44
словъ, 1, 0.02, 65.46
словахъ:, 1, 0.02, 65.48
словамъ, 1, 0.02, 65.49
словами:, 1, 0.02, 65.51
слова, 1, 0.02, 65.53
слегка, 1, 0.02, 65.54
славой, 1, 0.02, 65.56
скованной, 1, 0.02, 65.58
складнымъ, 1, 0.02, 65.59
скандала, 1, 0.02, 65.61
сказаніяхъ, 1, 0.02, 65.62
сказаніямъ, 1, 0.02, 65.64
сказаніями, 1, 0.02, 65.66
сказали:, 1, 0.02, 65.67
сказали, 1, 0.02, 65.69
символомъ, 1, 0.02, 65.71
сильное, 1, 0.02, 65.72
сильно, 1, 0.02, 65.74
силу, 1, 0.02, 65.75
силою, 1, 0.02, 65.77
сзади, 1, 0.02, 65.79
серія, 1, 0.02, 65.80
серіи, 1, 0.02, 65.82
середину, 1, 0.02, 65.84
серебряному, 1, 0.02, 65.85
серебряной, 1, 0.02, 65.87
серебряная, 1, 0.02, 65.88
серебромъ;, 1, 0.02, 65.90
серебромъ, 1, 0.02, 65.92
сентябрѣ, 1, 0.02, 65.93
сенаторы, 1, 0.02, 65.95
семнадцатаго, 1, 0.02, 65.97
секретаря, 1, 0.02, 65.98
секретари, 1, 0.02, 66.00
секретаремъ, 1, 0.02, 66.01
себѣ», 1, 0.02, 66.03
сдѣлано, 1, 0.02, 66.05
сдѣланныхъ, 1, 0.02, 66.06
сдѣланнымъ, 1, 0.02, 66.08
сдѣланную, 1, 0.02, 66.10
сдѣланное, 1, 0.02, 66.11
сдѣлана, 1, 0.02, 66.13
сдѣлалъ, 1, 0.02, 66.15
сдается, 1, 0.02, 66.16
сгорѣлъ, 1, 0.02, 66.18
свѣчей, 1, 0.02, 66.19
свѣтѣ, 1, 0.02, 66.21
свѣта», 1, 0.02, 66.23
свѣдѣнія, 1, 0.02, 66.24
священникъ, 1, 0.02, 66.26
священниковъ, 1, 0.02, 66.28
священника, 1, 0.02, 66.29
священная, 1, 0.02, 66.31
святыхъ, 1, 0.02, 66.32
свою, 1, 0.02, 66.34
своей, 1, 0.02, 66.36
свое, 1, 0.02, 66.37
свидѣтельствуетъ, 1, 0.02, 66.39
свидѣтельство, 1, 0.02, 66.41
сверху, 1, 0.02, 66.42
сбруя;, 1, 0.02, 66.44
сброшюрованный, 1, 0.02, 66.45
сборниковъ, 1, 0.02, 66.47
сближенія, 1, 0.02, 66.49
саркофагъ, 1, 0.02, 66.50
сапогахъ;, 1, 0.02, 66.52
самый, 1, 0.02, 66.54
самомъ, 1, 0.02, 66.55
самолюбія, 1, 0.02, 66.57
самихъ, 1, 0.02, 66.59
самими, 1, 0.02, 66.60
самаркандскихъ, 1, 0.02, 66.62
садятся, 1, 0.02, 66.63
саблю, 1, 0.02, 66.65
рѣчи, 1, 0.02, 66.67
рѣкѣ, 1, 0.02, 66.68
рѣкъ, 1, 0.02, 66.70
рѣку, 1, 0.02, 66.72
рѣзной, 1, 0.02, 66.73
рѣзаными, 1, 0.02, 66.75
рѣдчайшихъ, 1, 0.02, 66.76
рѣдкія, 1, 0.02, 66.78
рѣдкостямъ, 1, 0.02, 66.80
рѣдкостью, 1, 0.02, 66.81
рѣдко, 1, 0.02, 66.83
рядъ, 1, 0.02, 66.85
рысьяго, 1, 0.02, 66.86
рыбъ, 1, 0.02, 66.88
рыбный, 1, 0.02, 66.89
русскопольскія, 1, 0.02, 66.91
русскомъ, 1, 0.02, 66.93
русскимъ, 1, 0.02, 66.94
русскими, 1, 0.02, 66.96
русски, 1, 0.02, 66.98
руку:, 1, 0.02, 66.99
рукоятки, 1, 0.02, 67.01
рукомойникъ, 1, 0.02, 67.03
руками», 1, 0.02, 67.04
рукава, 1, 0.02, 67.06
ружей, 1, 0.02, 67.07
рубятъ, 1, 0.02, 67.09
рублей, 1, 0.02, 67.11
рубинами, 1, 0.02, 67.12
ртомъ, 1, 0.02, 67.14
роты, 1, 0.02, 67.16
ростомъ, 1, 0.02, 67.17
роста;, 1, 0.02, 67.19
роскошныхъ, 1, 0.02, 67.20
роль, 1, 0.02, 67.22
родину, 1, 0.02, 67.24
рисункахъ, 1, 0.02, 67.25
рисункамъ, 1, 0.02, 67.27
рисунками, 1, 0.02, 67.29
рисованію;, 1, 0.02, 67.30
римской, 1, 0.02, 67.32
римскихъ, 1, 0.02, 67.33
ризахъ, 1, 0.02, 67.35
реформѣ, 1, 0.02, 67.37
репродукціями, 1, 0.02, 67.38
религія, 1, 0.02, 67.40
религіознымъ, 1, 0.02, 67.42
религіозной, 1, 0.02, 67.43
религіи, 1, 0.02, 67.45
рейхсталеровъ, 1, 0.02, 67.46
резюмировалъ, 1, 0.02, 67.48
резиденціи, 1, 0.02, 67.50
резидентъ, 1, 0.02, 67.51
редакціей, 1, 0.02, 67.53
редактируемыхъ, 1, 0.02, 67.55
революціонныхъ, 1, 0.02, 67.56
расходовъ, 1, 0.02, 67.58
распростертыми, 1, 0.02, 67.60
расправы, 1, 0.02, 67.61
раньше, 1, 0.02, 67.63
раннее, 1, 0.02, 67.64
рамой, 1, 0.02, 67.66
разысканій, 1, 0.02, 67.68
разъ, 1, 0.02, 67.69
разсказѣ, 1, 0.02, 67.71
разсказы, 1, 0.02, 67.73
разсказъ:, 1, 0.02, 67.74
разсказа, 1, 0.02, 67.76
разрѣзанный, 1, 0.02, 67.77
разными, 1, 0.02, 67.79
разные, 1, 0.02, 67.81
разноцвѣтные, 1, 0.02, 67.82
размахивали, 1, 0.02, 67.84
разложили, 1, 0.02, 67.86
раздѣленіе, 1, 0.02, 67.87
разговаривали, 1, 0.02, 67.89
развращены, 1, 0.02, 67.90
развлеченія:, 1, 0.02, 67.92
разборчиво, 1, 0.02, 67.94
радостные, 1, 0.02, 67.95
радикальной, 1, 0.02, 67.97
работѣ, 1, 0.02, 67.99
работаютъ, 1, 0.02, 68.00
работать, 1, 0.02, 68.02
пѣли, 1, 0.02, 68.04
пѣвшіе, 1, 0.02, 68.05
пятый, 1, 0.02, 68.07
пышные, 1, 0.02, 68.08
пытливые, 1, 0.02, 68.10
пытливаго, 1, 0.02, 68.12
пытались, 1, 0.02, 68.13
пушнымъ, 1, 0.02, 68.15
пушкамъ, 1, 0.02, 68.17
путь, 1, 0.02, 68.18
путешествія, 1, 0.02, 68.20
путешествій, 1, 0.02, 68.21
путешествіе, 1, 0.02, 68.23
путешественникъ, 1, 0.02, 68.25
путешественники:, 1, 0.02, 68.26
путешественники, 1, 0.02, 68.28
путешественника, 1, 0.02, 68.30
путей, 1, 0.02, 68.31
пустынныхъ, 1, 0.02, 68.33
публичная, 1, 0.02, 68.34
пріѣзжавшій, 1, 0.02, 68.36
пріѣздомъ, 1, 0.02, 68.38
пріобрѣтаютъ, 1, 0.02, 68.39
пріемы, 1, 0.02, 68.41
пріема, 1, 0.02, 68.43
прямо, 1, 0.02, 68.44
проявленной, 1, 0.02, 68.46
процессію, 1, 0.02, 68.48
процессіи, 1, 0.02, 68.49
проходящія, 1, 0.02, 68.51
проходъ, 1, 0.02, 68.52
проходилъ, 1, 0.02, 68.54
протестантствомъ, 1, 0.02, 68.56
пространство, 1, 0.02, 68.57
просторное, 1, 0.02, 68.59
просто, 1, 0.02, 68.61
просмотра, 1, 0.02, 68.62
просилъ, 1, 0.02, 68.64
просили, 1, 0.02, 68.65
проникать, 1, 0.02, 68.67
проломанъ, 1, 0.02, 68.69
проливающихъ, 1, 0.02, 68.70
проливается, 1, 0.02, 68.72
прокладывали, 1, 0.02, 68.74
пройти, 1, 0.02, 68.75
пройдя, 1, 0.02, 68.77
происходившія, 1, 0.02, 68.78
производятъ, 1, 0.02, 68.80
произвела, 1, 0.02, 68.82
произведенію, 1, 0.02, 68.83
произведеній, 1, 0.02, 68.85
продолжительной, 1, 0.02, 68.87
прогресса», 1, 0.02, 68.88
провожаетъ, 1, 0.02, 68.90
провидѣніе, 1, 0.02, 68.91
провели, 1, 0.02, 68.93
проведенныхъ, 1, 0.02, 68.95
пришлось, 1, 0.02, 68.96
пришли, 1, 0.02, 68.98
причиненныя, 1, 0.02, 69.00
приходитъ, 1, 0.02, 69.01
присутствія, 1, 0.02, 69.03
присутствовали, 1, 0.02, 69.05
присутствовавшій, 1, 0.02, 69.06
присоединяется, 1, 0.02, 69.08
присоединить, 1, 0.02, 69.09
прислужникамъ, 1, 0.02, 69.11
прислужниками, 1, 0.02, 69.13
присланные, 1, 0.02, 69.14
прислалъ, 1, 0.02, 69.16
природа, 1, 0.02, 69.18
приподнявшись, 1, 0.02, 69.19
приписываются, 1, 0.02, 69.21
приняты, 1, 0.02, 69.22
приняли, 1, 0.02, 69.24
принималъ, 1, 0.02, 69.26
принадлежащіе, 1, 0.02, 69.27
принадлежащемъ, 1, 0.02, 69.29
примѣтной, 1, 0.02, 69.31
примѣнялись, 1, 0.02, 69.32
примѣненіе, 1, 0.02, 69.34
приложима, 1, 0.02, 69.35
приложеніи, 1, 0.02, 69.37
приложены, 1, 0.02, 69.39
приложатся, 1, 0.02, 69.40
прикоснуться, 1, 0.02, 69.42
приключенія, 1, 0.02, 69.44
приключеній, 1, 0.02, 69.45
призываніе, 1, 0.02, 69.47
призналъ, 1, 0.02, 69.49
признакомъ, 1, 0.02, 69.50
прижавшись, 1, 0.02, 69.52
придѣланы, 1, 0.02, 69.53
придаютъ, 1, 0.02, 69.55
придавалъ, 1, 0.02, 69.57
придавали, 1, 0.02, 69.58
приготовившись, 1, 0.02, 69.60
приговоренныхъ, 1, 0.02, 69.62
приговора, 1, 0.02, 69.63
приговаривая, 1, 0.02, 69.65
приглашались, 1, 0.02, 69.66
привязываютъ, 1, 0.02, 69.68
привязанныя, 1, 0.02, 69.70
привозили, 1, 0.02, 69.71
приводитъ, 1, 0.02, 69.73
привлекать, 1, 0.02, 69.75
привлекали, 1, 0.02, 69.76
привилегіи, 1, 0.02, 69.78
приведены, 1, 0.02, 69.79
прибытіи, 1, 0.02, 69.81
прибыло, 1, 0.02, 69.83
прибыли, 1, 0.02, 69.84
приблизительно, 1, 0.02, 69.86
приближаются, 1, 0.02, 69.88
престолѣ, 1, 0.02, 69.89
престоломъ, 1, 0.02, 69.91
препятствія, 1, 0.02, 69.93
преобразованіе, 1, 0.02, 69.94
прелюбодѣянію, 1, 0.02, 69.96
прекрасные, 1, 0.02, 69.97
преимущество, 1, 0.02, 69.99
прежнія, 1, 0.02, 70.01
предыдущій, 1, 0.02, 70.02
предъ, 1, 0.02, 70.04
предшественникахъ, 1, 0.02, 70.06
представляютъ, 1, 0.02, 70.07
представлялъ, 1, 0.02, 70.09
представлялась, 1, 0.02, 70.10
представленія, 1, 0.02, 70.12
представленіи, 1, 0.02, 70.14
представленная, 1, 0.02, 70.15
представители, 1, 0.02, 70.17
предмѣстьяхъ, 1, 0.02, 70.19
предлагалъ, 1, 0.02, 70.20
предлагается, 1, 0.02, 70.22
предисловія, 1, 0.02, 70.23
предисловіи, 1, 0.02, 70.25
преддверія, 1, 0.02, 70.27
пребыванію, 1, 0.02, 70.28
прачки, 1, 0.02, 70.30
праздныя, 1, 0.02, 70.32
праздникъ, 1, 0.02, 70.33
правую, 1, 0.02, 70.35
правой, 1, 0.02, 70.36
право, 1, 0.02, 70.38
правленія, 1, 0.02, 70.40
правительство, 1, 0.02, 70.41
правительства, 1, 0.02, 70.43
правителей, 1, 0.02, 70.45
правдивымъ, 1, 0.02, 70.46
поѣдаютъ, 1, 0.02, 70.48
появились, 1, 0.02, 70.50
появившіеся, 1, 0.02, 70.51
поэтому, 1, 0.02, 70.53
пошевелиться», 1, 0.02, 70.54
почтительностью, 1, 0.02, 70.56
почитаютъ, 1, 0.02, 70.58
почитался, 1, 0.02, 70.59
почетномъ, 1, 0.02, 70.61
поцѣловать, 1, 0.02, 70.63
похоронахъ, 1, 0.02, 70.64
похожденіи, 1, 0.02, 70.66
потеряно, 1, 0.02, 70.67
потери, 1, 0.02, 70.69
посѣщаемыя, 1, 0.02, 70.71
посѣтилъ, 1, 0.02, 70.72
посѣтившіе, 1, 0.02, 70.74
посѣтившихъ, 1, 0.02, 70.76
поступилъ, 1, 0.02, 70.77
построена, 1, 0.02, 70.79
посторонній, 1, 0.02, 70.80
посторонняго, 1, 0.02, 70.82
посредственны, 1, 0.02, 70.84
посохъ, 1, 0.02, 70.85
посольствъ, 1, 0.02, 70.87
посольство, 1, 0.02, 70.89
посольскій, 1, 0.02, 70.90
посольскомъ, 1, 0.02, 70.92
послѣдній, 1, 0.02, 70.94
послѣдніе, 1, 0.02, 70.95
послѣдней, 1, 0.02, 70.97
посломъ, 1, 0.02, 70.98
пословъ;, 1, 0.02, 71.00
посерединѣ, 1, 0.02, 71.02
посвящены, 1, 0.02, 71.03
посвященныхъ, 1, 0.02, 71.05
посвященномъ, 1, 0.02, 71.07
посвященное, 1, 0.02, 71.08
порядокъ, 1, 0.02, 71.10
порядкѣ:, 1, 0.02, 71.11
порядкѣ, 1, 0.02, 71.13
порядками, 1, 0.02, 71.15
порывисто, 1, 0.02, 71.16
поръ, 1, 0.02, 71.18
поручи;, 1, 0.02, 71.20
порученіемъ, 1, 0.02, 71.21
портовъ, 1, 0.02, 71.23
порою, 1, 0.02, 71.24
поперемѣнно, 1, 0.02, 71.26
попа, 1, 0.02, 71.28
понятіи, 1, 0.02, 71.29
поносителя, 1, 0.02, 71.31
пониманія, 1, 0.02, 71.33
понемногу, 1, 0.02, 71.34
помѣщеніи, 1, 0.02, 71.36
помѣщено, 1, 0.02, 71.38
помощи, 1, 0.02, 71.39
помогало, 1, 0.02, 71.41
помилуй», 1, 0.02, 71.42
помахивалъ, 1, 0.02, 71.44
польскаго, 1, 0.02, 71.46
получить, 1, 0.02, 71.47
получили, 1, 0.02, 71.49
полотенцемъ, 1, 0.02, 71.51
положены, 1, 0.02, 71.52
половину, 1, 0.02, 71.54
полны:, 1, 0.02, 71.55
полны, 1, 0.02, 71.57
полнотѣ, 1, 0.02, 71.59
полнотой, 1, 0.02, 71.60
полностью, 1, 0.02, 71.62
полное, 1, 0.02, 71.64
полно, 1, 0.02, 71.65
полкомъ, 1, 0.02, 71.67
полковъ, 1, 0.02, 71.68
политическихъ, 1, 0.02, 71.70
полагаемъ, 1, 0.02, 71.72
покрытыхъ, 1, 0.02, 71.73
покрытый, 1, 0.02, 71.75
покрытое, 1, 0.02, 71.77
покоѣ, 1, 0.02, 71.78
покойника, 1, 0.02, 71.80
покоился, 1, 0.02, 71.81
поклонился, 1, 0.02, 71.83
покинувшимъ, 1, 0.02, 71.85
показаній, 1, 0.02, 71.86
пока, 1, 0.02, 71.88
позолоченными, 1, 0.02, 71.90
позолоченный, 1, 0.02, 71.91
познатнѣе, 1, 0.02, 71.93
познакомившимъ, 1, 0.02, 71.95
позже, 1, 0.02, 71.96
позднѣе, 1, 0.02, 71.98
позволяетъ, 1, 0.02, 71.99
позволеніи, 1, 0.02, 72.01
позади, 1, 0.02, 72.03
пожелалъ, 1, 0.02, 72.04
пожаромъ, 1, 0.02, 72.06
пожаловалъ, 1, 0.02, 72.08
подыскивая, 1, 0.02, 72.09
подходить, 1, 0.02, 72.11
подрядъ, 1, 0.02, 72.12
подробности, 1, 0.02, 72.14
подробностей, 1, 0.02, 72.16
подробно, 1, 0.02, 72.17
подошедшій, 1, 0.02, 72.19
подозрительность, 1, 0.02, 72.21
подобіе, 1, 0.02, 72.22
подобрать, 1, 0.02, 72.24
подобранныя, 1, 0.02, 72.25
подобныхъ, 1, 0.02, 72.27
подобную, 1, 0.02, 72.29
подняться, 1, 0.02, 72.30
поднимался, 1, 0.02, 72.32
поднимавшейся, 1, 0.02, 72.34
подготовкой, 1, 0.02, 72.35
подготовка, 1, 0.02, 72.37
подвижнымъ, 1, 0.02, 72.39
подбрасываютъ, 1, 0.02, 72.40
подбрасывать, 1, 0.02, 72.42
подборъ, 1, 0.02, 72.43
подбитую, 1, 0.02, 72.45
подарки, 1, 0.02, 72.47
погруженіемъ, 1, 0.02, 72.48
погребенныхъ, 1, 0.02, 72.50
поганца, 1, 0.02, 72.52
повѣшено, 1, 0.02, 72.53
повѣрить, 1, 0.02, 72.55
повторять, 1, 0.02, 72.56
поводъ, 1, 0.02, 72.58
поверхъ, 1, 0.02, 72.60
поверхностно, 1, 0.02, 72.61
побужденіямъ, 1, 0.02, 72.63
площадяхъ, 1, 0.02, 72.65
плохой, 1, 0.02, 72.66
плечѣ, 1, 0.02, 72.68
плеть, 1, 0.02, 72.69
плачемъ, 1, 0.02, 72.71
платки, 1, 0.02, 72.73
планы, 1, 0.02, 72.74
планъ, 1, 0.02, 72.76
планами, 1, 0.02, 72.78
плакать», 1, 0.02, 72.79
пишетъ, 1, 0.02, 72.81
питаются, 1, 0.02, 72.83
писцы, 1, 0.02, 72.84
писанныя, 1, 0.02, 72.86
писалъ, 1, 0.02, 72.87
писали, 1, 0.02, 72.89
пироговъ, 1, 0.02, 72.91
пирамидѣ, 1, 0.02, 72.92
пики», 1, 0.02, 72.94
печать, 1, 0.02, 72.96
печати, 1, 0.02, 72.97
пестрые, 1, 0.02, 72.99
періодѣ, 1, 0.02, 73.00
періода, 1, 0.02, 73.02
персидскихъ, 1, 0.02, 73.04
перешедшій, 1, 0.02, 73.05
перечисляетъ, 1, 0.02, 73.07
пересматривалъ, 1, 0.02, 73.09
перемѣна, 1, 0.02, 73.10
переломанныя, 1, 0.02, 73.12
перекидывалъ, 1, 0.02, 73.13
переизданія, 1, 0.02, 73.15
переизданъ, 1, 0.02, 73.17
переиздавалась, 1, 0.02, 73.18
переиздаваемъ, 1, 0.02, 73.20
переживать, 1, 0.02, 73.22
передней, 1, 0.02, 73.23
перегравированы, 1, 0.02, 73.25
переводы, 1, 0.02, 73.26
переводъ, 1, 0.02, 73.28
переводчикъ, 1, 0.02, 73.30
переводу, 1, 0.02, 73.31
переводимъ, 1, 0.02, 73.33
переводилась, 1, 0.02, 73.35
перевода:, 1, 0.02, 73.36
переведенъ, 1, 0.02, 73.38
переведена, 1, 0.02, 73.40
первыхъ, 1, 0.02, 73.41
первымъ, 1, 0.02, 73.43
первую, 1, 0.02, 73.44
первосвященниковъ, 1, 0.02, 73.46
первоисточниками, 1, 0.02, 73.48
первое, 1, 0.02, 73.49
пеленой, 1, 0.02, 73.51
патріархъ, 1, 0.02, 73.53
патріарха, 1, 0.02, 73.54
пальмовыми, 1, 0.02, 73.56
палки, 1, 0.02, 73.57
палкахъ, 1, 0.02, 73.59
палками, 1, 0.02, 73.61
палецъ, 1, 0.02, 73.62
палаткахъ, 1, 0.02, 73.64
пажи, 1, 0.02, 73.66
очищать, 1, 0.02, 73.67
очерчены, 1, 0.02, 73.69
очеркъ, 1, 0.02, 73.70
очерки, 1, 0.02, 73.72
отчеты, 1, 0.02, 73.74
отчета, 1, 0.02, 73.75
отчасти, 1, 0.02, 73.77
оттуда, 1, 0.02, 73.79
отсутствіи, 1, 0.02, 73.80
отстранить, 1, 0.02, 73.82
отряда, 1, 0.02, 73.84
отправлялъ, 1, 0.02, 73.85
отправлявшихся, 1, 0.02, 73.87
отправленіе, 1, 0.02, 73.88
отправилъ, 1, 0.02, 73.90
отпоръ, 1, 0.02, 73.92
отпечатана, 1, 0.02, 73.93
отождествляя, 1, 0.02, 73.95
отношенія, 1, 0.02, 73.97
отношенію, 1, 0.02, 73.98
относящіяся, 1, 0.02, 74.00
отмѣчаетъ, 1, 0.02, 74.01
отличнымъ, 1, 0.02, 74.03
отличномъ, 1, 0.02, 74.05
отличался, 1, 0.02, 74.06
открытію, 1, 0.02, 74.08
открыть, 1, 0.02, 74.10
открыто, 1, 0.02, 74.11
открыта, 1, 0.02, 74.13
открывшимъ, 1, 0.02, 74.14
открывается, 1, 0.02, 74.16
отечественной, 1, 0.02, 74.18
отдѣльныхъ, 1, 0.02, 74.19
отдѣльнымъ, 1, 0.02, 74.21
отдѣлу, 1, 0.02, 74.23
отдѣленная, 1, 0.02, 74.24
отвѣта, 1, 0.02, 74.26
отвозили, 1, 0.02, 74.28
отвели, 1, 0.02, 74.29
осыпанный, 1, 0.02, 74.31
осыпанную, 1, 0.02, 74.32
осыпанномъ, 1, 0.02, 74.34
осыпанная, 1, 0.02, 74.36
осуществить, 1, 0.02, 74.37
осужденныхъ, 1, 0.02, 74.39
осужденные, 1, 0.02, 74.41
осторожно:, 1, 0.02, 74.42
останавливался, 1, 0.02, 74.44
остальныя, 1, 0.02, 74.45
остальными, 1, 0.02, 74.47
остального, 1, 0.02, 74.49
остались, 1, 0.02, 74.50
оставляетъ, 1, 0.02, 74.52
оставлены, 1, 0.02, 74.54
оставили, 1, 0.02, 74.55
оставивъ, 1, 0.02, 74.57
особую, 1, 0.02, 74.58
особенности, 1, 0.02, 74.60
особенно, 1, 0.02, 74.62
основой, 1, 0.02, 74.63
основныхъ, 1, 0.02, 74.65
основательный, 1, 0.02, 74.67
основаніи, 1, 0.02, 74.68
осломъ, 1, 0.02, 74.70
ослабляется, 1, 0.02, 74.71
оскорбленнаго, 1, 0.02, 74.73
оскорбительные, 1, 0.02, 74.75
освятилъ, 1, 0.02, 74.76
осанистые, 1, 0.02, 74.78
орнаментами;, 1, 0.02, 74.80
орлу, 1, 0.02, 74.81
орелъ, 1, 0.02, 74.83
опустошены, 1, 0.02, 74.85
опубликованіи, 1, 0.02, 74.86
опубликованы, 1, 0.02, 74.88
оправленный, 1, 0.02, 74.89
описывающій, 1, 0.02, 74.91
описывающая, 1, 0.02, 74.93
описываетъ, 1, 0.02, 74.94
описать, 1, 0.02, 74.96
описаніямъ, 1, 0.02, 74.98
описанію, 1, 0.02, 74.99
описаній, 1, 0.02, 75.01
описаніемъ, 1, 0.02, 75.02
описанныхъ, 1, 0.02, 75.04
описана, 1, 0.02, 75.06
описалъ, 1, 0.02, 75.07
опираются, 1, 0.02, 75.09
опасныхъ, 1, 0.02, 75.11
опасностей, 1, 0.02, 75.12
оладей, 1, 0.02, 75.14
окуривалъ, 1, 0.02, 75.15
окруженъ, 1, 0.02, 75.17
окруженный, 1, 0.02, 75.19
окружающій, 1, 0.02, 75.20
окружаютъ, 1, 0.02, 75.22
окропляетъ, 1, 0.02, 75.24
окропленіе, 1, 0.02, 75.25
окраины, 1, 0.02, 75.27
окончивъ, 1, 0.02, 75.29
окончаніи, 1, 0.02, 75.30
оковъ, 1, 0.02, 75.32
окованнаго, 1, 0.02, 75.33
окна, 1, 0.02, 75.35
оказывая, 1, 0.02, 75.37
ознаменованъ, 1, 0.02, 75.38
ознакомилась, 1, 0.02, 75.40
одѣяніяхъ, 1, 0.02, 75.42
одѣянія, 1, 0.02, 75.43
одѣяніи, 1, 0.02, 75.45
одѣтыхъ, 1, 0.02, 75.46
одѣтымъ, 1, 0.02, 75.48
одномъ, 1, 0.02, 75.50
одновременно», 1, 0.02, 75.51
одно, 1, 0.02, 75.53
одни, 1, 0.02, 75.55
одинаковую, 1, 0.02, 75.56
одежду, 1, 0.02, 75.58
одеждой, 1, 0.02, 75.59
одежда, 1, 0.02, 75.61
огромныя, 1, 0.02, 75.63
ограничимся, 1, 0.02, 75.64
ограда, 1, 0.02, 75.66
обѣихъ, 1, 0.02, 75.68
обѣдню, 1, 0.02, 75.69
обычныя, 1, 0.02, 75.71
обычнымъ, 1, 0.02, 75.72
обычаямъ, 1, 0.02, 75.74
обычаями, 1, 0.02, 75.76
обычаю, 1, 0.02, 75.77
обычаемъ, 1, 0.02, 75.79
обыкновенно, 1, 0.02, 75.81
обыкновеннаго, 1, 0.02, 75.82
объясняется, 1, 0.02, 75.84
объявилъ, 1, 0.02, 75.86
объединены, 1, 0.02, 75.87
объ, 1, 0.02, 75.89
общія, 1, 0.02, 75.90
общихъ, 1, 0.02, 75.92
общественному, 1, 0.02, 75.94
общественной, 1, 0.02, 75.95
общества, 1, 0.02, 75.97
обширное, 1, 0.02, 75.99
обстоятельствахъ, 1, 0.02, 76.00
обрядомъ, 1, 0.02, 76.02
обрядами, 1, 0.02, 76.03
обрубкѣ, 1, 0.02, 76.05
обрисовывается, 1, 0.02, 76.07
обращая, 1, 0.02, 76.08
обращавшій, 1, 0.02, 76.10
обратно, 1, 0.02, 76.12
обратить, 1, 0.02, 76.13
образъ;, 1, 0.02, 76.15
образцы, 1, 0.02, 76.16
образу, 1, 0.02, 76.18
образованная, 1, 0.02, 76.20
образовалось, 1, 0.02, 76.21
образовали, 1, 0.02, 76.23
оборонительный, 1, 0.02, 76.25
обозначенія, 1, 0.02, 76.26
обогнуть, 1, 0.02, 76.28
обобщенія, 1, 0.02, 76.30
обнаруживается, 1, 0.02, 76.31
облаченные, 1, 0.02, 76.33
обитое, 1, 0.02, 76.34
обитая, 1, 0.02, 76.36
обезглавлены, 1, 0.02, 76.38
оба, 1, 0.02, 76.39
нѣсколькихъ, 1, 0.02, 76.41
нѣмецкомъ, 1, 0.02, 76.43
нѣмецкихъ, 1, 0.02, 76.44
нѣмецкимъ, 1, 0.02, 76.46
нѣкоторыя, 1, 0.02, 76.47
нѣкоторыхъ, 1, 0.02, 76.49
нынѣ, 1, 0.02, 76.51
нужды, 1, 0.02, 76.52
нравственномъ, 1, 0.02, 76.54
нравственная, 1, 0.02, 76.56
нравамъ, 1, 0.02, 76.57
нравами, 1, 0.02, 76.59
носовые, 1, 0.02, 76.60
ножны, 1, 0.02, 76.62
ножей, 1, 0.02, 76.64
ноги, 1, 0.02, 76.65
ногамъ, 1, 0.02, 76.67
новыми, 1, 0.02, 76.69
новый, 1, 0.02, 76.70
новомъ, 1, 0.02, 76.72
новой, 1, 0.02, 76.74
новобрачныхъ, 1, 0.02, 76.75
новеллу, 1, 0.02, 76.77
нимъ», 1, 0.02, 76.78
никѣмъ, 1, 0.02, 76.80
никоимъ, 1, 0.02, 76.82
никакого, 1, 0.02, 76.83
низкой, 1, 0.02, 76.85
низко, 1, 0.02, 76.87
ниже, 1, 0.02, 76.88
неумѣстнымъ, 1, 0.02, 76.90
несъ, 1, 0.02, 76.91
несшіе, 1, 0.02, 76.93
несчастныхъ, 1, 0.02, 76.95
непосредственнымъ, 1, 0.02, 76.96
неоднократно, 1, 0.02, 76.98
необходимыми, 1, 0.02, 77.00
ненависть, 1, 0.02, 77.01
нему, 1, 0.02, 77.03
немногіе, 1, 0.02, 77.04
немного, 1, 0.02, 77.06
немногихъ, 1, 0.02, 77.08
неизбѣжно, 1, 0.02, 77.09
нежели, 1, 0.02, 77.11
невѣжество, 1, 0.02, 77.13
невѣдомую, 1, 0.02, 77.14
небрежно, 1, 0.02, 77.16
небольшихъ, 1, 0.02, 77.17
неблагопріятномъ, 1, 0.02, 77.19
нашли, 1, 0.02, 77.21
нашимъ, 1, 0.02, 77.22
нашемъ, 1, 0.02, 77.24
наше, 1, 0.02, 77.26
начинали, 1, 0.02, 77.27
начинаетъ, 1, 0.02, 77.29
началомъ, 1, 0.02, 77.31
началась, 1, 0.02, 77.32
нацѣплено, 1, 0.02, 77.34
національныхъ, 1, 0.02, 77.35
находящійся, 1, 0.02, 77.37
находится, 1, 0.02, 77.39
находился, 1, 0.02, 77.40
находились, 1, 0.02, 77.42
находившагося, 1, 0.02, 77.44
наукъ, 1, 0.02, 77.45
натуры, 1, 0.02, 77.47
натуру, 1, 0.02, 77.48
наступательный, 1, 0.02, 77.50
настоящему, 1, 0.02, 77.52
наружный, 1, 0.02, 77.53
нарисовалъ, 1, 0.02, 77.55
нарастаетъ;, 1, 0.02, 77.57
направо, 1, 0.02, 77.58
направлявшаяся, 1, 0.02, 77.60
напр, 1, 0.02, 77.61
напоръ, 1, 0.02, 77.63
наполнило, 1, 0.02, 77.65
наполненными, 1, 0.02, 77.66
намѣчается, 1, 0.02, 77.68
наконецъ, 1, 0.02, 77.70
наклонять, 1, 0.02, 77.71
наклонялись, 1, 0.02, 77.73
наклоненіемъ, 1, 0.02, 77.75
наказаній, 1, 0.02, 77.76
найти, 1, 0.02, 77.78
наивный, 1, 0.02, 77.79
наибольшей, 1, 0.02, 77.81
называютъ, 1, 0.02, 77.83
называетъ, 1, 0.02, 77.84
называемый, 1, 0.02, 77.86
называемой, 1, 0.02, 77.88
назадъ, 1, 0.02, 77.89
надѣта, 1, 0.02, 77.91
надуть, 1, 0.02, 77.92
наблюденія, 1, 0.02, 77.94
наблюдательностью, 1, 0.02, 77.96
наблюдатель, 1, 0.02, 77.97
наблюдается, 1, 0.02, 77.99
мѣховыя, 1, 0.02, 78.01
мѣха, 1, 0.02, 78.02
мѣткому, 1, 0.02, 78.04
мѣсяцъ, 1, 0.02, 78.05
мѣсяцемъ, 1, 0.02, 78.07
мѣстѣ, 1, 0.02, 78.09
мѣстную, 1, 0.02, 78.10
мѣста, 1, 0.02, 78.12
мѣру, 1, 0.02, 78.14
міръ, 1, 0.02, 78.15
міра, 1, 0.02, 78.17
мятежныхъ, 1, 0.02, 78.19
мясомъ, 1, 0.02, 78.20
мысовъ, 1, 0.02, 78.22
мысль, 1, 0.02, 78.23
мутноводный, 1, 0.02, 78.25
мукъ, 1, 0.02, 78.27
музыкантовъ, 1, 0.02, 78.28
мужчины, 1, 0.02, 78.30
мостовъ, 1, 0.02, 78.32
московскомъ, 1, 0.02, 78.33
московскихъ, 1, 0.02, 78.35
московскаго, 1, 0.02, 78.36
монету, 1, 0.02, 78.38
монастырь, 1, 0.02, 78.40
монастырей, 1, 0.02, 78.41
моменты, 1, 0.02, 78.43
молодыя, 1, 0.02, 78.45
молодыхъ, 1, 0.02, 78.46
моленіе, 1, 0.02, 78.48
мой, 1, 0.02, 78.49
моимъ, 1, 0.02, 78.51
могильныхъ, 1, 0.02, 78.53
могилахъ, 1, 0.02, 78.54
мнѣнію, 1, 0.02, 78.56
многомъ, 1, 0.02, 78.58
многихъ, 1, 0.02, 78.59
митрополиты, 1, 0.02, 78.61
мечетей, 1, 0.02, 78.62
методовъ, 1, 0.02, 78.64
метлами, 1, 0.02, 78.66
мертвымъ, 1, 0.02, 78.67
меньше, 1, 0.02, 78.69
мемуаровъ, 1, 0.02, 78.71
между, 1, 0.02, 78.72
медленной, 1, 0.02, 78.74
медвѣди, 1, 0.02, 78.76
маѣ, 1, 0.02, 78.77
мая, 1, 0.02, 78.79
матеріальная, 1, 0.02, 78.80
матеріаламъ, 1, 0.02, 78.82
математикомъ, 1, 0.02, 78.84
маркиза, 1, 0.02, 78.85
марка, 1, 0.02, 78.87
мальчиковъ, 1, 0.02, 78.89
мальчика, 1, 0.02, 78.90
малый, 1, 0.02, 78.92
лѣстницы;, 1, 0.02, 78.93
лѣсовъ, 1, 0.02, 78.95
лѣса, 1, 0.02, 78.97
лѣкарствами, 1, 0.02, 78.98
лѣвую, 1, 0.02, 79.00
лѣвой, 1, 0.02, 79.02
людяхъ, 1, 0.02, 79.03
людьми, 1, 0.02, 79.05
любознательные, 1, 0.02, 79.06
любовномъ, 1, 0.02, 79.08
любовницы, 1, 0.02, 79.10
любезной, 1, 0.02, 79.11
льду, 1, 0.02, 79.13
льдомъ, 1, 0.02, 79.15
лучшихъ, 1, 0.02, 79.16
лучше, 1, 0.02, 79.18
лука, 1, 0.02, 79.20
лошадяхъ, 1, 0.02, 79.21
лошади, 1, 0.02, 79.23
лицъ, 1, 0.02, 79.24
лицомъ, 1, 0.02, 79.26
литыя, 1, 0.02, 79.28
листьями, 1, 0.02, 79.29
листъ, 1, 0.02, 79.31
лежитъ, 1, 0.02, 79.33
лежали, 1, 0.02, 79.34
ледъ, 1, 0.02, 79.36
легкомысленно, 1, 0.02, 79.37
латы, 1, 0.02, 79.39
латинскомъ, 1, 0.02, 79.41
латинизировалъ, 1, 0.02, 79.42
кухни, 1, 0.02, 79.44
кусочекъ, 1, 0.02, 79.46
курсъ, 1, 0.02, 79.47
купцы;, 1, 0.02, 79.49
куполовъ, 1, 0.02, 79.50
культурѣ, 1, 0.02, 79.52
куда, 1, 0.02, 79.54
ктолибо, 1, 0.02, 79.55
крѣпчайшими, 1, 0.02, 79.57
крѣпостной, 1, 0.02, 79.59
крѣпкихъ, 1, 0.02, 79.60
крыши, 1, 0.02, 79.62
крыльями, 1, 0.02, 79.64
крупными, 1, 0.02, 79.65
крупную, 1, 0.02, 79.67
кружка;, 1, 0.02, 79.68
круглую, 1, 0.02, 79.70
кроютъ, 1, 0.02, 79.72
кровавой, 1, 0.02, 79.73
кричатъ, 1, 0.02, 79.75
кричали, 1, 0.02, 79.77
кресты, 1, 0.02, 79.78
крестообразной, 1, 0.02, 79.80
крестообразно, 1, 0.02, 79.81
крестнымъ, 1, 0.02, 79.83
крестится, 1, 0.02, 79.85
крестился, 1, 0.02, 79.86
крашеныя, 1, 0.02, 79.88
краткимъ, 1, 0.02, 79.90
красочности, 1, 0.02, 79.91
красоты, 1, 0.02, 79.93
краснымъ, 1, 0.02, 79.94
красный, 1, 0.02, 79.96
красное;, 1, 0.02, 79.98
красками, 1, 0.02, 79.99
красивыми, 1, 0.02, 80.01
крайне, 1, 0.02, 80.03
которое, 1, 0.02, 80.04
костюмовъ, 1, 0.02, 80.06
костюмахъ, 1, 0.02, 80.07
кортежи, 1, 0.02, 80.09
короткое, 1, 0.02, 80.11
короною, 1, 0.02, 80.12
корона, 1, 0.02, 80.14
короля, 1, 0.02, 80.16
корешкѣ, 1, 0.02, 80.17
коренное, 1, 0.02, 80.19
кончалась, 1, 0.02, 80.21
конца, 1, 0.02, 80.22
конская, 1, 0.02, 80.24
конечнаго, 1, 0.02, 80.25
коней, 1, 0.02, 80.27
компетентнаго, 1, 0.02, 80.29
компанію:, 1, 0.02, 80.30
комнаты, 1, 0.02, 80.32
комнату, 1, 0.02, 80.34
комментаріями, 1, 0.02, 80.35
комментарія, 1, 0.02, 80.37
командированные, 1, 0.02, 80.38
колѣняхъ, 1, 0.02, 80.40
кольчугу, 1, 0.02, 80.42
кольчуги, 1, 0.02, 80.43
колонками, 1, 0.02, 80.45
колоколъ, 1, 0.02, 80.47
колодца, 1, 0.02, 80.48
коллекціонируются, 1, 0.02, 80.50
коллекціонерскій, 1, 0.02, 80.51
коллекцій, 1, 0.02, 80.53
количествѣ, 1, 0.02, 80.55
количество, 1, 0.02, 80.56
колесу, 1, 0.02, 80.58
колесованныхъ, 1, 0.02, 80.60
колеса, 1, 0.02, 80.61
коихъ, 1, 0.02, 80.63
коего, 1, 0.02, 80.65
коврами, 1, 0.02, 80.66
ко, 1, 0.02, 80.68
книжнаго, 1, 0.02, 80.69
книгѣ, 1, 0.02, 80.71
клириковъ, 1, 0.02, 80.73
классы, 1, 0.02, 80.74
кланялся, 1, 0.02, 80.76
кистенемъ, 1, 0.02, 80.78
кинжалы, 1, 0.02, 80.79
кегли, 1, 0.02, 80.81
кверху, 1, 0.02, 80.82
квартирѣ, 1, 0.02, 80.84
качеляхъ, 1, 0.02, 80.86
качели, 1, 0.02, 80.87
качаясь, 1, 0.02, 80.89
качаются, 1, 0.02, 80.91
кафтанѣ, 1, 0.02, 80.92
кафтаны, 1, 0.02, 80.94
кафтановъ, 1, 0.02, 80.95
каталогѣ, 1, 0.02, 80.97
касается, 1, 0.02, 80.99
карты, 1, 0.02, 81.00
картъ, 1, 0.02, 81.02
картинѣ, 1, 0.02, 81.04
картины, 1, 0.02, 81.05
картами, 1, 0.02, 81.07
карлики, 1, 0.02, 81.09
каретахъ, 1, 0.02, 81.10
караулахъ, 1, 0.02, 81.12
капитана, 1, 0.02, 81.13
канцлеръ, 1, 0.02, 81.15
канцлера, 1, 0.02, 81.17
камняхъ, 1, 0.02, 81.18
камнями;, 1, 0.02, 81.20
каменное, 1, 0.02, 81.22
какія, 1, 0.02, 81.23
казняхъ, 1, 0.02, 81.25
казнямъ, 1, 0.02, 81.26
кажется, 1, 0.02, 81.28
каждому, 1, 0.02, 81.30
кажденія, 1, 0.02, 81.31
кажденіемъ, 1, 0.02, 81.33
кажденіе, 1, 0.02, 81.35
каждая, 1, 0.02, 81.36
каждаго», 1, 0.02, 81.38
кадильницею, 1, 0.02, 81.39
кадильницей, 1, 0.02, 81.41
ищетъ, 1, 0.02, 81.43
итти, 1, 0.02, 81.44
итальянскомъ, 1, 0.02, 81.46
истребленіемъ, 1, 0.02, 81.48
исторіей, 1, 0.02, 81.49
историческихъ, 1, 0.02, 81.51
историкомъ, 1, 0.02, 81.52
историками, 1, 0.02, 81.54
историка, 1, 0.02, 81.56
исполнилъ, 1, 0.02, 81.57
испепелившимъ, 1, 0.02, 81.59
искусствѣ, 1, 0.02, 81.61
искренній, 1, 0.02, 81.62
исключительнымъ, 1, 0.02, 81.64
искателей, 1, 0.02, 81.66
искалъ, 1, 0.02, 81.67
искажаютъ, 1, 0.02, 81.69
иные, 1, 0.02, 81.70
интересѣ, 1, 0.02, 81.72
интересные, 1, 0.02, 81.74
иностранцы, 1, 0.02, 81.75
иностранца, 1, 0.02, 81.77
иностранныхъ, 1, 0.02, 81.79
иностраннымъ, 1, 0.02, 81.80
иностранный, 1, 0.02, 81.82
иностранные, 1, 0.02, 81.83
иностранецъ, 1, 0.02, 81.85
имѣющихся, 1, 0.02, 81.87
имѣть, 1, 0.02, 81.88
имѣлъ, 1, 0.02, 81.90
имѣлись, 1, 0.02, 81.92
имѣетъ, 1, 0.02, 81.93
имѣемъ, 1, 0.02, 81.95
имѣвшихъ, 1, 0.02, 81.96
императоръ, 1, 0.02, 81.98
императорской, 1, 0.02, 82.00
императора, 1, 0.02, 82.01
ими, 1, 0.02, 82.03
именуютъ, 1, 0.02, 82.05
именуемой, 1, 0.02, 82.06
именитѣйшіе, 1, 0.02, 82.08
иконы, 1, 0.02, 82.10
изюму, 1, 0.02, 82.11
изслѣдованіе, 1, 0.02, 82.13
изображенія, 1, 0.02, 82.14
изображеній, 1, 0.02, 82.16
изображенными, 1, 0.02, 82.18
изображающими:, 1, 0.02, 82.19
изображаетъ, 1, 0.02, 82.21
издаются, 1, 0.02, 82.23
издательство, 1, 0.02, 82.24
издательства, 1, 0.02, 82.26
изданіямъ, 1, 0.02, 82.27
изданію, 1, 0.02, 82.29
изданіи, 1, 0.02, 82.31
изданы, 1, 0.02, 82.32
изданномъ, 1, 0.02, 82.34
изданной, 1, 0.02, 82.36
изданнаго, 1, 0.02, 82.37
изд, 1, 0.02, 82.39
изготовлялись, 1, 0.02, 82.40
изготовлены, 1, 0.02, 82.42
извѣстія, 1, 0.02, 82.44
извѣстнаго, 1, 0.02, 82.45
играми, 1, 0.02, 82.47
иглой, 1, 0.02, 82.49
ибо, 1, 0.02, 82.50
зрѣлище, 1, 0.02, 82.52
зрѣлища, 1, 0.02, 82.54
зрителя, 1, 0.02, 82.55
зрительной, 1, 0.02, 82.57
зрители, 1, 0.02, 82.58
зрителемъ, 1, 0.02, 82.60
золотыя, 1, 0.02, 82.62
золотымъ, 1, 0.02, 82.63
золотыми, 1, 0.02, 82.65
золото, 1, 0.02, 82.67
значитъ, 1, 0.02, 82.68
значительнаго, 1, 0.02, 82.70
значился, 1, 0.02, 82.71
значенія, 1, 0.02, 82.73
значеніе, 1, 0.02, 82.75
знатнѣйшій, 1, 0.02, 82.76
знатныхъ, 1, 0.02, 82.78
знатные, 1, 0.02, 82.80
знаменіемъ, 1, 0.02, 82.81
знаменуя, 1, 0.02, 82.83
знаменуется, 1, 0.02, 82.84
знаменоносцы, 1, 0.02, 82.86
знаменитѣйшими, 1, 0.02, 82.88
знаменитыя, 1, 0.02, 82.89
знамена, 1, 0.02, 82.91
знакъ, 1, 0.02, 82.93
знаемъ, 1, 0.02, 82.94
златоглавымъ, 1, 0.02, 82.96
зимнимъ, 1, 0.02, 82.97
зеркало, 1, 0.02, 82.99
земскихъ, 1, 0.02, 83.01
землю, 1, 0.02, 83.02
земли, 1, 0.02, 83.04
зеленую, 1, 0.02, 83.06
зеленой, 1, 0.02, 83.07
здоровья», 1, 0.02, 83.09
здоровьи, 1, 0.02, 83.11
здоровается, 1, 0.02, 83.12
звѣремъ, 1, 0.02, 83.14
защиты, 1, 0.02, 83.15
зафиксировалъ, 1, 0.02, 83.17
затрудненія, 1, 0.02, 83.19
затворничество, 1, 0.02, 83.20
засѣданія, 1, 0.02, 83.22
заставляетъ, 1, 0.02, 83.24
заставило, 1, 0.02, 83.25
зарытыя, 1, 0.02, 83.27
зарываютъ, 1, 0.02, 83.28
запрятаны, 1, 0.02, 83.30
запряженныхъ, 1, 0.02, 83.32
записываетъ, 1, 0.02, 83.33
записанный, 1, 0.02, 83.35
заостренный, 1, 0.02, 83.37
занимающаго, 1, 0.02, 83.38
занималъ, 1, 0.02, 83.40
занимается, 1, 0.02, 83.41
замѣчательнѣйшимъ, 1, 0.02, 83.43
замѣчательнымъ, 1, 0.02, 83.45
замѣчательный, 1, 0.02, 83.46
замученные, 1, 0.02, 83.48
замедляющіе, 1, 0.02, 83.50
залпъ, 1, 0.02, 83.51
закрѣплена, 1, 0.02, 83.53
закрытыми, 1, 0.02, 83.55
закончилась, 1, 0.02, 83.56
закончено, 1, 0.02, 83.58
законченный, 1, 0.02, 83.59
заключила, 1, 0.02, 83.61
заключающее, 1, 0.02, 83.63
зажжено, 1, 0.02, 83.64
зажженныя, 1, 0.02, 83.66
загрубѣлость, 1, 0.02, 83.68
заграницу, 1, 0.02, 83.69
заглавныя, 1, 0.02, 83.71
загадочный, 1, 0.02, 83.72
завязали, 1, 0.02, 83.74
завоеваніями, 1, 0.02, 83.76
завершенія, 1, 0.02, 83.77
заботливые, 1, 0.02, 83.79
забирали, 1, 0.02, 83.81
жить, 1, 0.02, 83.82
живьемъ, 1, 0.02, 83.84
живымъ, 1, 0.02, 83.85
живыми, 1, 0.02, 83.87
живописныхъ, 1, 0.02, 83.89
жестокую, 1, 0.02, 83.90
жестокость, 1, 0.02, 83.92
жестокости, 1, 0.02, 83.94
жестокимъ», 1, 0.02, 83.95
жены, 1, 0.02, 83.97
женщина, 1, 0.02, 83.99
женевскому, 1, 0.02, 84.00
желала, 1, 0.02, 84.02
жалуетъ, 1, 0.02, 84.03
жаловался, 1, 0.02, 84.05
жаловалось, 1, 0.02, 84.07
если, 1, 0.02, 84.08
епископы, 1, 0.02, 84.10
еле, 1, 0.02, 84.12
ей, 1, 0.02, 84.13
единственныхъ, 1, 0.02, 84.15
единичные, 1, 0.02, 84.16
едва, 1, 0.02, 84.18
европейскому, 1, 0.02, 84.20
европейскихъ, 1, 0.02, 84.21
дѣятель, 1, 0.02, 84.23
дѣти, 1, 0.02, 84.25
дѣломъ, 1, 0.02, 84.26
дѣловыхъ, 1, 0.02, 84.28
дѣлаетъ, 1, 0.02, 84.29
дѣлается, 1, 0.02, 84.31
дѣвушками, 1, 0.02, 84.33
дюйма;, 1, 0.02, 84.34
дьяки, 1, 0.02, 84.36
душѣ, 1, 0.02, 84.38
души», 1, 0.02, 84.39
духовный, 1, 0.02, 84.41
духовенства, 1, 0.02, 84.42
думая, 1, 0.02, 84.44
думать, 1, 0.02, 84.46
другому, 1, 0.02, 84.47
другой, 1, 0.02, 84.49
другое, 1, 0.02, 84.51
драмой:, 1, 0.02, 84.52
драгоцѣнномъ, 1, 0.02, 84.54
дошелъ, 1, 0.02, 84.56
достойнымъ, 1, 0.02, 84.57
достоинству, 1, 0.02, 84.59
достигнуть, 1, 0.02, 84.60
доски, 1, 0.02, 84.62
доскахъ, 1, 0.02, 84.64
дорогѣ, 1, 0.02, 84.65
дорогу, 1, 0.02, 84.67
дорогими, 1, 0.02, 84.69
допустивъ, 1, 0.02, 84.70
домѣ, 1, 0.02, 84.72
домъ»:, 1, 0.02, 84.73
домовъ, 1, 0.02, 84.75
домашней, 1, 0.02, 84.77
домахъ», 1, 0.02, 84.78
дома;, 1, 0.02, 84.80
дома, 1, 0.02, 84.82
дологъ, 1, 0.02, 84.83
должною, 1, 0.02, 84.85
долженъ, 1, 0.02, 84.86
долгаго, 1, 0.02, 84.88
документъ, 1, 0.02, 84.90
документомъ, 1, 0.02, 84.91
документовъ, 1, 0.02, 84.93
доказательства, 1, 0.02, 84.95
добавляетъ:, 1, 0.02, 84.96
дней, 1, 0.02, 84.98
длинными, 1, 0.02, 85.00
длинный, 1, 0.02, 85.01
длинные, 1, 0.02, 85.03
десять, 1, 0.02, 85.04
десяти, 1, 0.02, 85.06
деспотизмъ, 1, 0.02, 85.08
десница, 1, 0.02, 85.09
держали, 1, 0.02, 85.11
державъ, 1, 0.02, 85.13
державою, 1, 0.02, 85.14
держава, 1, 0.02, 85.16
деревняхъ, 1, 0.02, 85.17
деревень, 1, 0.02, 85.19
деГордонъ, 1, 0.02, 85.21
деГваріентъ, 1, 0.02, 85.22
деГваріента, 1, 0.02, 85.24
двухтомное, 1, 0.02, 85.26
двухглавый, 1, 0.02, 85.27
двумя, 1, 0.02, 85.29
дворцовъ, 1, 0.02, 85.30
дворовъ, 1, 0.02, 85.32
дворецъ», 1, 0.02, 85.34
двойныя, 1, 0.02, 85.35
движущейся, 1, 0.02, 85.37
движенія, 1, 0.02, 85.39
двигалась, 1, 0.02, 85.40
дверь, 1, 0.02, 85.42
двери, 1, 0.02, 85.43
дважды, 1, 0.02, 85.45
даютъ, 1, 0.02, 85.47
датѣ, 1, 0.02, 85.48
даты, 1, 0.02, 85.50
дастъ, 1, 0.02, 85.52
данная, 1, 0.02, 85.53
дамастовыхъ, 1, 0.02, 85.55
дальше, 1, 0.02, 85.57
дальнихъ, 1, 0.02, 85.58
далекій, 1, 0.02, 85.60
далеко, 1, 0.02, 85.61
даетъ, 1, 0.02, 85.63
давая, 1, 0.02, 85.65
давалъ, 1, 0.02, 85.66
давали, 1, 0.02, 85.68
давала, 1, 0.02, 85.70
да, 1, 0.02, 85.71
груди, 1, 0.02, 85.73
грубымъ, 1, 0.02, 85.74
грубость, 1, 0.02, 85.76
громадныя, 1, 0.02, 85.78
громадныхъ, 1, 0.02, 85.79
громаднымъ, 1, 0.02, 85.81
графическій, 1, 0.02, 85.83
графини, 1, 0.02, 85.84
граничитъ», 1, 0.02, 85.86
границу, 1, 0.02, 85.87
границей, 1, 0.02, 85.89
граверовъ, 1, 0.02, 85.91
граверной, 1, 0.02, 85.92
гофъюнкеры, 1, 0.02, 85.94
гофъюнкеровъ, 1, 0.02, 85.96
готовую, 1, 0.02, 85.97
государю, 1, 0.02, 85.99
государственнымъ, 1, 0.02, 86.01
государственномъ, 1, 0.02, 86.02
государственному, 1, 0.02, 86.04
гость, 1, 0.02, 86.05
гости, 1, 0.02, 86.07
горѣли, 1, 0.02, 86.09
горящей, 1, 0.02, 86.10
городскихъ, 1, 0.02, 86.12
городовъ, 1, 0.02, 86.14
города, 1, 0.02, 86.15
горничныя, 1, 0.02, 86.17
горечью, 1, 0.02, 86.18
горестнымъ, 1, 0.02, 86.20
гораздо, 1, 0.02, 86.22
голштинскихъ, 1, 0.02, 86.23
голубого, 1, 0.02, 86.25
голосъ, 1, 0.02, 86.27
голосу, 1, 0.02, 86.28
головѣ, 1, 0.02, 86.30
головы;, 1, 0.02, 86.31
головъ», 1, 0.02, 86.33
головахъ, 1, 0.02, 86.35
голландскомъ, 1, 0.02, 86.36
годахъ, 1, 0.02, 86.38
говоритъ:, 1, 0.02, 86.40
говорили, 1, 0.02, 86.41
гнѣдой, 1, 0.02, 86.43
глухой, 1, 0.02, 86.45
глазами, 1, 0.02, 86.46
глаза, 1, 0.02, 86.48
главою, 1, 0.02, 86.49
главки, 1, 0.02, 86.51
герцогиня, 1, 0.02, 86.53
гербомъ, 1, 0.02, 86.54
герба, 1, 0.02, 86.56
географіи;, 1, 0.02, 86.58
географовъ, 1, 0.02, 86.59
географическихъ, 1, 0.02, 86.61
геніальное, 1, 0.02, 86.62
г», 1, 0.02, 86.64
г:, 1, 0.02, 86.66
вѣтвями, 1, 0.02, 86.67
вѣрнѣе, 1, 0.02, 86.69
вѣрный, 1, 0.02, 86.71
вѣрны, 1, 0.02, 86.72
вѣрностью, 1, 0.02, 86.74
вѣрность, 1, 0.02, 86.75
вѣковъ, 1, 0.02, 86.77
вяленыхъ, 1, 0.02, 86.79
выѣхало, 1, 0.02, 86.80
вышло, 1, 0.02, 86.82
вышитыхъ, 1, 0.02, 86.84
вышитый, 1, 0.02, 86.85
вышитые, 1, 0.02, 86.87
вышитомъ, 1, 0.02, 86.88
вышину, 1, 0.02, 86.90
вышеозначенномъ, 1, 0.02, 86.92
вышелъ, 1, 0.02, 86.93
вышедшихъ, 1, 0.02, 86.95
выше, 1, 0.02, 86.97
выходитъ, 1, 0.02, 86.98
выходили, 1, 0.02, 87.00
выть, 1, 0.02, 87.02
вытравленныхъ, 1, 0.02, 87.03
выступилъ, 1, 0.02, 87.05
выстрѣлы, 1, 0.02, 87.06
высотою, 1, 0.02, 87.08
высокой, 1, 0.02, 87.10
высоко, 1, 0.02, 87.11
высокимъ, 1, 0.02, 87.13
выпущенный, 1, 0.02, 87.15
выполнять, 1, 0.02, 87.16
выполненію, 1, 0.02, 87.18
выливалъ, 1, 0.02, 87.19
выли, 1, 0.02, 87.21
выйдя, 1, 0.02, 87.23
выдающееся, 1, 0.02, 87.24
выдается, 1, 0.02, 87.26
вывозятъ, 1, 0.02, 87.28
выводы, 1, 0.02, 87.29
вывезенные, 1, 0.02, 87.31
выбраны, 1, 0.02, 87.32
выборъ, 1, 0.02, 87.34
въѣздѣ», 1, 0.02, 87.36
въѣздъ, 1, 0.02, 87.37
въѣзда, 1, 0.02, 87.39
входятъ, 1, 0.02, 87.41
входилъ, 1, 0.02, 87.42
входившихъ, 1, 0.02, 87.44
второмъ, 1, 0.02, 87.46
всякомъ, 1, 0.02, 87.47
всякаго, 1, 0.02, 87.49
всюду, 1, 0.02, 87.50
всю, 1, 0.02, 87.52
вступаетъ, 1, 0.02, 87.54
встрѣчалъ, 1, 0.02, 87.55
встрѣчаетъ, 1, 0.02, 87.57
вставлено, 1, 0.02, 87.59
вспышкамъ, 1, 0.02, 87.60
вспомнить, 1, 0.02, 87.62
всего, 1, 0.02, 87.63
всевозможнѣйшими, 1, 0.02, 87.65
все, 1, 0.02, 87.67
всадниковъ, 1, 0.02, 87.68
временъ, 1, 0.02, 87.70
временемъ, 1, 0.02, 87.72
временамъ, 1, 0.02, 87.73
временами, 1, 0.02, 87.75
врачъ, 1, 0.02, 87.76
вправо, 1, 0.02, 87.78
впослѣдствіи, 1, 0.02, 87.80
вполнѣ, 1, 0.02, 87.81
вписанія, 1, 0.02, 87.83
впечатлѣніе, 1, 0.02, 87.85
впередъ, 1, 0.02, 87.86
впереди, 1, 0.02, 87.88
впервые, 1, 0.02, 87.90
вошедши, 1, 0.02, 87.91
восточнаго, 1, 0.02, 87.93
воспріимчивостью, 1, 0.02, 87.94
воспроизводимъ, 1, 0.02, 87.96
воспроизведены, 1, 0.02, 87.98
воспослѣдовало, 1, 0.02, 87.99
воску, 1, 0.02, 88.01
восковыя, 1, 0.02, 88.03
восковыхъ, 1, 0.02, 88.04
восклицаетъ:, 1, 0.02, 88.06
восемнадцать, 1, 0.02, 88.07
воротъ, 1, 0.02, 88.09
вороной, 1, 0.02, 88.11
вопросами, 1, 0.02, 88.12
вопроса, 1, 0.02, 88.14
воплямъ, 1, 0.02, 88.16
вооруженіе, 1, 0.02, 88.17
воображеніи, 1, 0.02, 88.19
войскъ, 1, 0.02, 88.20
войско, 1, 0.02, 88.22
войнѣ, 1, 0.02, 88.24
войны, 1, 0.02, 88.25
воинскихъ, 1, 0.02, 88.27
вознаградить, 1, 0.02, 88.29
возможно, 1, 0.02, 88.30
возкахъ, 1, 0.02, 88.32
воздвигнутъ, 1, 0.02, 88.33
возбуждалъ, 1, 0.02, 88.35
возбудили, 1, 0.02, 88.37
водѣ, 1, 0.02, 88.38
воду, 1, 0.02, 88.40
водой, 1, 0.02, 88.42
вода, 1, 0.02, 88.43
внушающимъ, 1, 0.02, 88.45
внушавшій, 1, 0.02, 88.47
внутрь, 1, 0.02, 88.48
внутренній, 1, 0.02, 88.50
внесли, 1, 0.02, 88.51
вмѣсто, 1, 0.02, 88.53
влѣво, 1, 0.02, 88.55
власти, 1, 0.02, 88.56
владѣніи, 1, 0.02, 88.58
вкругъ, 1, 0.02, 88.60
висѣлицъ, 1, 0.02, 88.61
висѣли, 1, 0.02, 88.63
висятъ, 1, 0.02, 88.64
видѣлъ, 1, 0.02, 88.66
видѣли, 1, 0.02, 88.68
виду, 1, 0.02, 88.69
видный, 1, 0.02, 88.71
видны, 1, 0.02, 88.73
видно, 1, 0.02, 88.74
видна, 1, 0.02, 88.76
видитъ, 1, 0.02, 88.77
видимое, 1, 0.02, 88.79
видалъ, 1, 0.02, 88.81
взяты, 1, 0.02, 88.82
взятое, 1, 0.02, 88.84
взялъ, 1, 0.02, 88.86
взявшись, 1, 0.02, 88.87
взоры, 1, 0.02, 88.89
взглядываютъ, 1, 0.02, 88.91
взвѣсилъ, 1, 0.02, 88.92
вечеровъ, 1, 0.02, 88.94
весь, 1, 0.02, 88.95
верхушкой, 1, 0.02, 88.97
верхней, 1, 0.02, 88.99
вернулся, 1, 0.02, 89.00
веревками, 1, 0.02, 89.02
велѣно, 1, 0.02, 89.04
велѣлъ, 1, 0.02, 89.05
велъ, 1, 0.02, 89.07
величество, 1, 0.02, 89.08
величественный, 1, 0.02, 89.10
великорусскія, 1, 0.02, 89.12
великороссомъ;, 1, 0.02, 89.13
великолѣпныхъ, 1, 0.02, 89.15
великое, 1, 0.02, 89.17
великимъ, 1, 0.02, 89.18
вели, 1, 0.02, 89.20
везли, 1, 0.02, 89.21
ведетъ, 1, 0.02, 89.23
вдѣланные, 1, 0.02, 89.25
вдоль, 1, 0.02, 89.26
вдвинуть, 1, 0.02, 89.28
варварскій, 1, 0.02, 89.30
варваровъ, 1, 0.02, 89.31
важнѣйшихъ, 1, 0.02, 89.33
важный, 1, 0.02, 89.35
бѣлыми, 1, 0.02, 89.36
бѣлый, 1, 0.02, 89.38
бѣлые, 1, 0.02, 89.39
бѣлую, 1, 0.02, 89.41
быту, 1, 0.02, 89.43
быстро, 1, 0.02, 89.44
былыхъ, 1, 0.02, 89.46
бывшій, 1, 0.02, 89.48
бывшимъ, 1, 0.02, 89.49
бываютъ, 1, 0.02, 89.51
бывало, 1, 0.02, 89.52
бывавшихъ, 1, 0.02, 89.54
бунтъ, 1, 0.02, 89.56
бунта, 1, 0.02, 89.57
бумагѣ, 1, 0.02, 89.59
булавы, 1, 0.02, 89.61
буквы, 1, 0.02, 89.62
будутъ, 1, 0.02, 89.64
будто, 1, 0.02, 89.65
бросалъ, 1, 0.02, 89.67
бродятъ, 1, 0.02, 89.69
бревнѣ, 1, 0.02, 89.70
бревно, 1, 0.02, 89.72
брать, 1, 0.02, 89.74
брата», 1, 0.02, 89.75
боятся, 1, 0.02, 89.77
боярина, 1, 0.02, 89.78
борьбу, 1, 0.02, 89.80
бородами, 1, 0.02, 89.82
большіе, 1, 0.02, 89.83
большое, 1, 0.02, 89.85
большинство, 1, 0.02, 89.87
большей, 1, 0.02, 89.88
большее, 1, 0.02, 89.90
болотъ, 1, 0.02, 89.92
болей, 1, 0.02, 89.93
бокомъ;, 1, 0.02, 89.95
бойницу, 1, 0.02, 89.96
боевые, 1, 0.02, 89.98
богослужебномъ, 1, 0.02, 90.00
богатѣйшій, 1, 0.02, 90.01
богатѣйшіе, 1, 0.02, 90.03
богатѣйшихъ, 1, 0.02, 90.05
богато, 1, 0.02, 90.06
блюдахъ, 1, 0.02, 90.08
блуждающимъ, 1, 0.02, 90.09
блудномъ, 1, 0.02, 90.11
ближайшихъ, 1, 0.02, 90.13
благословлялъ, 1, 0.02, 90.14
благословенія, 1, 0.02, 90.16
благословенную, 1, 0.02, 90.18
благословенной, 1, 0.02, 90.19
благороднѣйшіе, 1, 0.02, 90.21
благодати, 1, 0.02, 90.22
благодаря, 1, 0.02, 90.24
благоговѣнія, 1, 0.02, 90.26
блага, 1, 0.02, 90.27
библіофилками, 1, 0.02, 90.29
библіотекъ, 1, 0.02, 90.31
библіографическимъ, 1, 0.02, 90.32
безчисленное, 1, 0.02, 90.34
безпощадной, 1, 0.02, 90.36
безконечные, 1, 0.02, 90.37
башенки, 1, 0.02, 90.39
барону, 1, 0.02, 90.40
барона, 1, 0.02, 90.42
барабанщиками, 1, 0.02, 90.44
баночками, 1, 0.02, 90.45
балдахинъ, 1, 0.02, 90.47
балдахина, 1, 0.02, 90.49
аукціона, 1, 0.02, 90.50
аудіенцій, 1, 0.02, 90.52
аудіенцъзаломъ, 1, 0.02, 90.53
аудіенцъзала, 1, 0.02, 90.55
архитектурныя, 1, 0.02, 90.57
архивѣ, 1, 0.02, 90.58
аптеки, 1, 0.02, 90.60
англійскій, 1, 0.02, 90.62
англійскіе, 1, 0.02, 90.63
англійскомъ, 1, 0.02, 90.65
англичанина, 1, 0.02, 90.66
алмазами, 1, 0.02, 90.68
азіатская, 1, 0.02, 90.70
авторовъ, 1, 0.02, 90.71
авторитетомъ, 1, 0.02, 90.73
Явно, 1, 0.02, 90.75
Я, 1, 0.02, 90.76
Югъ, 1, 0.02, 90.78
Эмиль, 1, 0.02, 90.80
Эльзевиру, 1, 0.02, 90.81
Эльзевировское, 1, 0.02, 90.83
Эберингомъ, 1, 0.02, 90.84
Э, 1, 0.02, 90.86
Шуваловой, 1, 0.02, 90.88
Чтобы, 1, 0.02, 90.89
Чехіи, 1, 0.02, 90.91
Черкасскій, 1, 0.02, 90.93
Цесарскій, 1, 0.02, 90.94
Церемонія, 1, 0.02, 90.96
Царя, 1, 0.02, 90.97
Царскому, 1, 0.02, 90.99
Царской, 1, 0.02, 91.01
Царскимъ, 1, 0.02, 91.02
Царей, 1, 0.02, 91.04
ЦЕРЕМОНІЯ, 1, 0.02, 91.06
ЦАРСТВА, 1, 0.02, 91.07
ЦАРИБРАТЬЯ:, 1, 0.02, 91.09
ЦАРЕМЪ, 1, 0.02, 91.10
Художественное, 1, 0.02, 91.12
Христа, 1, 0.02, 91.14
Храмъ, 1, 0.02, 91.15
Хотя, 1, 0.02, 91.17
ХviiХviii, 1, 0.02, 91.19
Фронтисписы, 1, 0.02, 91.20
Фронтисписъ, 1, 0.02, 91.22
Фридрихомъ, 1, 0.02, 91.23
Фридерикъ, 1, 0.02, 91.25
Фридерикомъ, 1, 0.02, 91.27
Форматъ, 1, 0.02, 91.28
Фогта, 1, 0.02, 91.30
Флотъ, 1, 0.02, 91.32
Феодоровичемъ, 1, 0.02, 91.33
Феодоровича, 1, 0.02, 91.35
Федоровичемъ, 1, 0.02, 91.37
ФРОНТИСПИСА, 1, 0.02, 91.38
ФРАНЦУЗСКОМУ, 1, 0.02, 91.40
ФЕОДОРОВИЧЕМЪ, 1, 0.02, 91.41
Устряловъ, 1, 0.02, 91.43
Употребляютъ, 1, 0.02, 91.45
Тѣмъ, 1, 0.02, 91.46
Тутъ, 1, 0.02, 91.48
Турціи, 1, 0.02, 91.50
Турціей, 1, 0.02, 91.51
Трубецкой, 1, 0.02, 91.53
Тронъ, 1, 0.02, 91.54
Трехъ, 1, 0.02, 91.56
То, 1, 0.02, 91.58
Тищенко, 1, 0.02, 91.59
Тихій, 1, 0.02, 91.61
Титульный, 1, 0.02, 91.63
Теперь, 1, 0.02, 91.64
Текстъ, 1, 0.02, 91.66
Тартарія», 1, 0.02, 91.67
Тhe, 1, 0.02, 91.69
Сѣверныя, 1, 0.02, 91.71
Сушею, 1, 0.02, 91.72
Сумарокова, 1, 0.02, 91.74
Стягъ, 1, 0.02, 91.76
Стрѣльцовъ, 1, 0.02, 91.77
Старательно, 1, 0.02, 91.79
Софіи, 1, 0.02, 91.81
Сопровождающія, 1, 0.02, 91.82
Соперничая, 1, 0.02, 91.84
Сначала, 1, 0.02, 91.85
Сколько, 1, 0.02, 91.87
Сказанія, 1, 0.02, 91.89
Семеновскимъ;, 1, 0.02, 91.90
Сардинскаго, 1, 0.02, 91.92
Самъ, 1, 0.02, 91.94
Самое, 1, 0.02, 91.95
Саксоніи, 1, 0.02, 91.97
Саблю, 1, 0.02, 91.98
СУМАРОКОВА, 1, 0.02, 92.00
СПетербургѣ, 1, 0.02, 92.02
СПетербургской, 1, 0.02, 92.03
СОЧИНЕНІЙ, 1, 0.02, 92.05
СОДЕРЖАНІЕ, 1, 0.02, 92.07
СОБРАНІЯ, 1, 0.02, 92.08
СЕЛО«, 1, 0.02, 92.10
СВОИХЪ, 1, 0.02, 92.11
Русскій, 1, 0.02, 92.13
Русское, 1, 0.02, 92.15
Руси, 1, 0.02, 92.16
Романовыхъ, 1, 0.02, 92.18
Религіозное, 1, 0.02, 92.20
Раллъ, 1, 0.02, 92.21
Разсказъ, 1, 0.02, 92.23
Развлеченія, 1, 0.02, 92.25
Равнымъ, 1, 0.02, 92.26
РУССКАГО, 1, 0.02, 92.28
РИСУНКАХЪ, 1, 0.02, 92.29
РАЗВЛЕЧЕНІЕ, 1, 0.02, 92.31
Пушкина, 1, 0.02, 92.33
Путешествію, 1, 0.02, 92.34
Путешествіе, 1, 0.02, 92.36
Публичной, 1, 0.02, 92.38
Прохода, 1, 0.02, 92.39
Простонародье, 1, 0.02, 92.41
При, 1, 0.02, 92.42
Пресвятой, 1, 0.02, 92.44
Преобразователь, 1, 0.02, 92.46
Предполагаютъ, 1, 0.02, 92.47
Предисловіе, 1, 0.02, 92.49
Праздникъ, 1, 0.02, 92.51
Правленіе, 1, 0.02, 92.52
Правительство, 1, 0.02, 92.54
Поѣздка, 1, 0.02, 92.55
Поссевинъ, 1, 0.02, 92.57
Посольству, 1, 0.02, 92.59
Посольство, 1, 0.02, 92.60
Посольскую, 1, 0.02, 92.62
Посолъ, 1, 0.02, 92.64
Португаліей, 1, 0.02, 92.65
Помпадуръ, 1, 0.02, 92.67
Поминаніе, 1, 0.02, 92.68
Польшей, 1, 0.02, 92.70
Полкъ, 1, 0.02, 92.72
Повторимъ, 1, 0.02, 92.73
Пироги, 1, 0.02, 92.75
Петру, 1, 0.02, 92.77
Петрозаводскѣ, 1, 0.02, 92.78
Персіей, 1, 0.02, 92.80
Перри, 1, 0.02, 92.82
Перейдя, 1, 0.02, 92.83
Первыя, 1, 0.02, 92.85
Первые, 1, 0.02, 92.86
Парижской, 1, 0.02, 92.88
Парижская, 1, 0.02, 92.90
Палачами, 1, 0.02, 92.91
Палатѣ;, 1, 0.02, 92.93
ПУБЛИЧНАЯ, 1, 0.02, 92.95
ПРОИЗВЕДЕНІЙ, 1, 0.02, 92.96
ПРИМѢЧАНІЯ, 1, 0.02, 92.98
ПРЕДСТАВЛЕНІИ, 1, 0.02, 92.99
ПРЕДИСЛОВІЕ, 1, 0.02, 93.01
ПРaЧКИ, 1, 0.02, 93.03
ПОСОЛЬСТВУ, 1, 0.02, 93.04
ПОСОЛЬСТВА, 1, 0.02, 93.06
ПОМИНАЮТЪ, 1, 0.02, 93.08
ПОМИНАНІЕ, 1, 0.02, 93.09
ПОЛНАГО, 1, 0.02, 93.11
ПЕЧАТАЮТСЯ, 1, 0.02, 93.12
ПЕТРЪ, 1, 0.02, 93.14
ПЕРЕЧЕНЬ, 1, 0.02, 93.16
ПЕРЕВОДУ, 1, 0.02, 93.17
Очерковъ, 1, 0.02, 93.19
Открытіе, 1, 0.02, 93.21
Открывалъ, 1, 0.02, 93.22
Осыпанная, 1, 0.02, 93.24
Осужденные, 1, 0.02, 93.26
Особенно, 1, 0.02, 93.27
Оригинальные, 1, 0.02, 93.29
Описывая, 1, 0.02, 93.30
Описаніи, 1, 0.02, 93.32
Онѣгину, 1, 0.02, 93.34
Оно, 1, 0.02, 93.35
Оманъ, 1, 0.02, 93.37
Ольшлегеръ, 1, 0.02, 93.39
Олеарія», 1, 0.02, 93.40
Олеаріемъ, 1, 0.02, 93.42
Океанъ, 1, 0.02, 93.43
Одѣяніе, 1, 0.02, 93.45
Однако, 1, 0.02, 93.47
Обычно, 1, 0.02, 93.48
Обликъ, 1, 0.02, 93.50
Обзоръ, 1, 0.02, 93.52
ОЧЕРКИ, 1, 0.02, 93.53
ОТКРЫТІЕ, 1, 0.02, 93.55
ОЛЕАРІЯ, 1, 0.02, 93.56
ОЛЕАРІЮ, 1, 0.02, 93.58
ОКТЯБРѢ, 1, 0.02, 93.60
ОДѢЯНІЯ, 1, 0.02, 93.61
ОБЛАСТЕЙ, 1, 0.02, 93.63
Нѣсколько, 1, 0.02, 93.65
Нѣмецкій, 1, 0.02, 93.66
Нынѣ, 1, 0.02, 93.68
Нужно, 1, 0.02, 93.70
Новой, 1, 0.02, 93.71
Новодѣвичій, 1, 0.02, 93.73
Новодѣвичіи, 1, 0.02, 93.74
Несомнѣнно, 1, 0.02, 93.76
Нелидова, 1, 0.02, 93.78
Неглиной, 1, 0.02, 93.79
Невѣроятное, 1, 0.02, 93.81
Невилля, 1, 0.02, 93.83
Національная, 1, 0.02, 93.84
Находившійся, 1, 0.02, 93.86
Настоящая, 1, 0.02, 93.87
Народъ, 1, 0.02, 93.89
Нарву, 1, 0.02, 93.91
Надписи, 1, 0.02, 93.92
НОВОБРАЧНЫХЪ, 1, 0.02, 93.94
Мѣсто, 1, 0.02, 93.96
Міръ, 1, 0.02, 93.97
Мюнхгаузенъ, 1, 0.02, 93.99
Московіей, 1, 0.02, 94.00
Московскія, 1, 0.02, 94.02
Московская, 1, 0.02, 94.04
Московиты, 1, 0.02, 94.05
Московитахъ, 1, 0.02, 94.07
Москвы, 1, 0.02, 94.09
Москва, 1, 0.02, 94.10
Монпансье, 1, 0.02, 94.12
Монастырь, 1, 0.02, 94.13
Многіе, 1, 0.02, 94.15
Михайловичъ, 1, 0.02, 94.17
Михаила, 1, 0.02, 94.18
Мейнерсъ, 1, 0.02, 94.20
Мейербергу, 1, 0.02, 94.22
Мейерберга, 1, 0.02, 94.23
Между, 1, 0.02, 94.25
Маріи, 1, 0.02, 94.27
Марфы, 1, 0.02, 94.28
МОСКОВСКАЯ, 1, 0.02, 94.30
МОСКОВСКІЯ, 1, 0.02, 94.31
МОСКВУ, 1, 0.02, 94.33
МИХАИЛОМЪ, 1, 0.02, 94.35
Лѣсомъ, 1, 0.02, 94.36
Люди, 1, 0.02, 94.38
Львовъ, 1, 0.02, 94.40
Лукомскій, 1, 0.02, 94.41
Лошадь, 1, 0.02, 94.43
Ловягина, 1, 0.02, 94.44
Лефорта, 1, 0.02, 94.46
Леопольдъ, 1, 0.02, 94.48
Леопольда, 1, 0.02, 94.49
Лейпцигѣ, 1, 0.02, 94.51
Лейпцигскомъ, 1, 0.02, 94.53
Лейденъ, 1, 0.02, 94.54
ЛУКОМСКАГО, 1, 0.02, 94.56
Кіевомъ, 1, 0.02, 94.57
Кэля, 1, 0.02, 94.59
Куммеръ, 1, 0.02, 94.61
Крузіусъ, 1, 0.02, 94.62
Крузіуса, 1, 0.02, 94.64
Кромѣ, 1, 0.02, 94.66
Кремлемъ, 1, 0.02, 94.67
Котошихинымъ, 1, 0.02, 94.69
Корона, 1, 0.02, 94.71
Корбу, 1, 0.02, 94.72
Контарини, 1, 0.02, 94.74
Константинополь, 1, 0.02, 94.75
Конецъ, 1, 0.02, 94.77
Колокольня, 1, 0.02, 94.79
Ко, 1, 0.02, 94.80
Ключевскаго, 1, 0.02, 94.82
Кладбище, 1, 0.02, 94.84
Китаю, 1, 0.02, 94.85
Катенева, 1, 0.02, 94.87
Катанье, 1, 0.02, 94.88
Каталогъ, 1, 0.02, 94.90
Каспій, 1, 0.02, 94.92
Канцелярію, 1, 0.02, 94.93
Какъ, 1, 0.02, 94.95
Казнь, 1, 0.02, 94.97
Каждый, 1, 0.02, 94.98
КЭЛКЪ, 1, 0.02, 95.00
КОРБУ, 1, 0.02, 95.01
КОНЕЦЪ, 1, 0.02, 95.03
КНИГИ, 1, 0.02, 95.05
КАЗНЬ, 1, 0.02, 95.06
КАЗНИ, 1, 0.02, 95.08
К, 1, 0.02, 95.10
Историческихъ, 1, 0.02, 95.11
Испаніей, 1, 0.02, 95.13
Иныя, 1, 0.02, 95.14
Интересъ, 1, 0.02, 95.16
Иногда, 1, 0.02, 95.18
Индіями, 1, 0.02, 95.19
Императора, 1, 0.02, 95.21
Или, 1, 0.02, 95.23
Изображеніе, 1, 0.02, 95.24
Игры, 1, 0.02, 95.26
Иванъ, 1, 0.02, 95.28
Ивана, 1, 0.02, 95.29
ИНОСТРАНЦЕВЪ, 1, 0.02, 95.31
ИНОСТРАНЦАМИ, 1, 0.02, 95.32
ИЛЛЮСТРАЦІЙ, 1, 0.02, 95.34
ИЗЪ, 1, 0.02, 95.36
ИЗДАНІЮ, 1, 0.02, 95.37
ИГРЫ, 1, 0.02, 95.39
Знаніе, 1, 0.02, 95.41
Знаменоносцы, 1, 0.02, 95.42
Знаменоносецъ, 1, 0.02, 95.44
Здѣсь, 1, 0.02, 95.45
Заѣзжія, 1, 0.02, 95.47
Захватывая, 1, 0.02, 95.49
Западъ, 1, 0.02, 95.50
ЗападноЕвропейскихъ, 1, 0.02, 95.52
Западная, 1, 0.02, 95.54
ЗАБАВЫ, 1, 0.02, 95.55
Желая, 1, 0.02, 95.57
ЖЕНЕВСКОМУ, 1, 0.02, 95.58
Епископы, 1, 0.02, 95.60
Европы, 1, 0.02, 95.62
Европой, 1, 0.02, 95.63
ЕГО, 1, 0.02, 95.65
Дэну, 1, 0.02, 95.67
Думы, 1, 0.02, 95.68
Думается, 1, 0.02, 95.70
Другая, 1, 0.02, 95.72
Дрезденской, 1, 0.02, 95.73
Дорà, 1, 0.02, 95.75
Дневникѣ, 1, 0.02, 95.76
Дневнику, 1, 0.02, 95.78
Дневникомъ, 1, 0.02, 95.80
Длинные, 1, 0.02, 95.81
Двору, 1, 0.02, 95.83
Даніи, 1, 0.02, 95.85
ДАННАЯ, 1, 0.02, 95.86
Грозномъ, 1, 0.02, 95.88
Гревса, 1, 0.02, 95.89
Графиня, 1, 0.02, 95.91
Грановитой, 1, 0.02, 95.93
Граманъ, 1, 0.02, 95.94
Гравюра, 1, 0.02, 95.96
Готторпа, 1, 0.02, 95.98
Государствѣ, 1, 0.02, 95.99
Государственная, 1, 0.02, 96.01
Господняго, 1, 0.02, 96.02
Гордоновъ, 1, 0.02, 96.04
Гордона, 1, 0.02, 96.06
Гольштинскому, 1, 0.02, 96.07
Головину:, 1, 0.02, 96.09
Голландіи, 1, 0.02, 96.11
Голицынъ, 1, 0.02, 96.12
Годуновѣ, 1, 0.02, 96.14
Главный, 1, 0.02, 96.16
Германіи, 1, 0.02, 96.17
Германскаго, 1, 0.02, 96.19
Гербъ, 1, 0.02, 96.20
Георгомъ, 1, 0.02, 96.22
Гельмесъ, 1, 0.02, 96.24
Гдѣ, 1, 0.02, 96.25
Гансъ, 1, 0.02, 96.27
ГРАВЮРА, 1, 0.02, 96.29
ГОЛШТИНСКОМУ, 1, 0.02, 96.30
ГЕРБЪ, 1, 0.02, 96.32
ГЕРБЕРШТЕЙНУ, 1, 0.02, 96.33
Вѣнскомъ, 1, 0.02, 96.35
Вѣнскому, 1, 0.02, 96.37
Вѣнское, 1, 0.02, 96.38
Выбравъ, 1, 0.02, 96.40
Входа, 1, 0.02, 96.42
Всѣ, 1, 0.02, 96.43
Все, 1, 0.02, 96.45
Всадникѣ»:, 1, 0.02, 96.46
Врангелю, 1, 0.02, 96.48
Восточный, 1, 0.02, 96.50
Восточную, 1, 0.02, 96.51
Воспроизведена, 1, 0.02, 96.53
Вооруженіе, 1, 0.02, 96.55
Вольтера, 1, 0.02, 96.56
Внѣшнія, 1, 0.02, 96.58
Виктора, 1, 0.02, 96.59
Венеціей, 1, 0.02, 96.61
Величествомъ, 1, 0.02, 96.63
Великаго», 1, 0.02, 96.64
Великаго:, 1, 0.02, 96.66
Великаго, 1, 0.02, 96.68
Валишевскій, 1, 0.02, 96.69
ВОСПРОИЗВЕДЕНА, 1, 0.02, 96.71
ВОЛЬТЕРА, 1, 0.02, 96.73
ВИДѢ, 1, 0.02, 96.74
ВАСИЛІЙ, 1, 0.02, 96.76
Бѣлаго, 1, 0.02, 96.77
Бытъ, 1, 0.02, 96.79
Брюггеманъ, 1, 0.02, 96.81
Боярской, 1, 0.02, 96.82
Бояре, 1, 0.02, 96.84
Борисовичъ, 1, 0.02, 96.86
Боккачіо, 1, 0.02, 96.87
Бой, 1, 0.02, 96.89
Божьей, 1, 0.02, 96.90
Богъ, 1, 0.02, 96.92
Богоявленія, 1, 0.02, 96.94
Благодаря, 1, 0.02, 96.95
Библіотеки, 1, 0.02, 96.97
Библіотека, 1, 0.02, 96.99
Библейской, 1, 0.02, 97.00
Берлинской, 1, 0.02, 97.02
Барсова, 1, 0.02, 97.03
Барбаро, 1, 0.02, 97.05
БЛАЖЕННЫЙ, 1, 0.02, 97.07
Аудіенцъзалъ, 1, 0.02, 97.08
Аугустина, 1, 0.02, 97.10
Архіепископы, 1, 0.02, 97.12
Архимандриты, 1, 0.02, 97.13
Архангельскъ, 1, 0.02, 97.15
Арнштамъ, 1, 0.02, 97.17
Антоній, 1, 0.02, 97.18
Амедея, 1, 0.02, 97.20
Алексѣй, 1, 0.02, 97.21
Ал, 1, 0.02, 97.23
Азовѣ, 1, 0.02, 97.25
Азова, 1, 0.02, 97.26
Аделунгъ, 1, 0.02, 97.28
Аделунгомъ, 1, 0.02, 97.30
Адамъ, 1, 0.02, 97.31
Авторъ, 1, 0.02, 97.33
Австрійскій, 1, 0.02, 97.34
Австріи, 1, 0.02, 97.36
Австріей, 1, 0.02, 97.38
Августа, 1, 0.02, 97.39
АДАМА, 1, 0.02, 97.41
А, 1, 0.02, 97.43
Іордань, 1, 0.02, 97.44
Іона, 1, 0.02, 97.46
Іоаннѣ, 1, 0.02, 97.47
Іоаннъ, 1, 0.02, 97.49
Іоанномъ, 1, 0.02, 97.51
Іисуса, 1, 0.02, 97.52
Іерусалимъ, 1, 0.02, 97.54
Іерусалимскую, 1, 0.02, 97.56
ІОАННЪ, 1, 0.02, 97.57
époux, 1, 0.02, 97.59
écussous, 1, 0.02, 97.61
»ЦАРСКОЕ, 1, 0.02, 97.62
»САНКТЪПЕТЕРБУРГЪ«, 1, 0.02, 97.64
»ПАЛЛАДІО«, 1, 0.02, 97.65
«я, 1, 0.02, 97.67
«штрихахъ», 1, 0.02, 97.69
«съ, 1, 0.02, 97.70
«состоитъ, 1, 0.02, 97.72
«смотрѣли, 1, 0.02, 97.74
«онъ, 1, 0.02, 97.75
«на, 1, 0.02, 97.77
«мы, 1, 0.02, 97.78
«какъ, 1, 0.02, 97.80
«гости», 1, 0.02, 97.82
«въ, 1, 0.02, 97.83
«возмущается, 1, 0.02, 97.85
«благороднѣйшая, 1, 0.02, 97.87
«Что, 1, 0.02, 97.88
«Такъ, 1, 0.02, 97.90
«Россія, 1, 0.02, 97.91
«Путешествія, 1, 0.02, 97.93
«При, 1, 0.02, 97.95
«Передъ, 1, 0.02, 97.96
«Осанна», 1, 0.02, 97.98
«Неизвѣстно, 1, 0.02, 98.00
«Мѣдномъ, 1, 0.02, 98.01
«Московиты, 1, 0.02, 98.03
«Лжесвидѣтелей, 1, 0.02, 98.04
«Казни, 1, 0.02, 98.06
«Исторіи, 1, 0.02, 98.08
«Два, 1, 0.02, 98.09
«Дай, 1, 0.02, 98.11
«Господи, 1, 0.02, 98.13
«Въ, 1, 0.02, 98.14
«the, 1, 0.02, 98.16
«russie», 1, 0.02, 98.18
«rossica», 1, 0.02, 98.19
«reserve», 1, 0.02, 98.21
«rerum, 1, 0.02, 98.22
«relation, 1, 0.02, 98.24
«ex, 1, 0.02, 98.26
«dame, 1, 0.02, 98.27
«catalogus, 1, 0.02, 98.29
«academia», 1, 0.02, 98.31
xvixvii, 1, 0.02, 98.32
xviixviii, 1, 0.02, 98.34
xix, 1, 0.02, 98.35
voyages, 1, 0.02, 98.37
volupté», 1, 0.02, 98.39
verÄnderte, 1, 0.02, 98.40
veliky, 1, 0.02, 98.42
under, 1, 0.02, 98.44
tzarsfrères, 1, 0.02, 98.45
tragédie, 1, 0.02, 98.47
tractatus, 1, 0.02, 98.48
théodore, 1, 0.02, 98.50
theatrum, 1, 0.02, 98.52
supplices, 1, 0.02, 98.53
streltzis, 1, 0.02, 98.55
state, 1, 0.02, 98.57
sigismundi, 1, 0.02, 98.58
sieur, 1, 0.02, 98.60
septentrionalibus, 1, 0.02, 98.62
sed, 1, 0.02, 98.63
sceau, 1, 0.02, 98.65
sarmatiis, 1, 0.02, 98.66
s, 1, 0.02, 98.68
russland, 1, 0.02, 98.70
russia, 1, 0.02, 98.71
rerum, 1, 0.02, 98.73
rariorum», 1, 0.02, 98.75
quarto, 1, 0.02, 98.76
publique, 1, 0.02, 98.78
provinces, 1, 0.02, 98.79
present, 1, 0.02, 98.81
par, 1, 0.02, 98.83
paques, 1, 0.02, 98.84
olaus, 1, 0.02, 98.86
oder, 1, 0.02, 98.88
octobre, 1, 0.02, 98.89
nouvelle, 1, 0.02, 98.91
myechow, 1, 0.02, 98.92
munster, 1, 0.02, 98.94
munhausen», 1, 0.02, 98.96
moscovite, 1, 0.02, 98.97
moscovie», 1, 0.02, 98.99
moscovie, 1, 0.02, 99.01
moscovian, 1, 0.02, 99.02
moscou, 1, 0.02, 99.04
morts, 1, 0.02, 99.06
merchants, 1, 0.02, 99.07
mathie, 1, 0.02, 99.09
m, 1, 0.02, 99.10
länder, 1, 0.02, 99.12
livre, 1, 0.02, 99.14
librorum, 1, 0.02, 99.15
liberi, 1, 0.02, 99.17
leglise, 1, 0.02, 99.19
lambassade, 1, 0.02, 99.20
jour, 1, 0.02, 99.22
jeunes, 1, 0.02, 99.23
jean, 1, 0.02, 99.25
janvier, 1, 0.02, 99.27
historicocriticus, 1, 0.02, 99.28
historia, 1, 0.02, 99.30
hieronymi, 1, 0.02, 99.32
herbenstain, 1, 0.02, 99.33
gothus, 1, 0.02, 99.35
gentibus, 1, 0.02, 99.36
fоlіо, 1, 0.02, 99.38
fête, 1, 0.02, 99.40
frontispice, 1, 0.02, 99.41
fleuries, 1, 0.02, 99.43
exlibris, 1, 0.02, 99.45
entrée, 1, 0.02, 99.46
en, 1, 0.02, 99.48
eaux, 1, 0.02, 99.49
dÉtat, 1, 0.02, 99.51
doral, 1, 0.02, 99.53
divertissement, 1, 0.02, 99.54
divan, 1, 0.02, 99.56
delzevir, 1, 0.02, 99.58
das, 1, 0.02, 99.59
célébration, 1, 0.02, 99.61
czar», 1, 0.02, 99.63
curieuse, 1, 0.02, 99.64
cosmographei, 1, 0.02, 99.66
company, 1, 0.02, 99.67
commentarii», 1, 0.02, 99.69
commentarii, 1, 0.02, 99.71
clocher, 1, 0.02, 99.72
bénédiction, 1, 0.02, 99.74
blanchisseuses, 1, 0.02, 99.76
bienheureux, 1, 0.02, 99.77
biblioteca, 1, 0.02, 99.79
beschreibung, 1, 0.02, 99.80
basile, 1, 0.02, 99.82
baronis, 1, 0.02, 99.84
avec, 1, 0.02, 99.85
audience, 1, 0.02, 99.87
and, 1, 0.02, 99.89
aller, 1, 0.02, 99.90
aigle, 1, 0.02, 99.92
adventures, 1, 0.02, 99.93
adam, 1, 0.02, 99.95
academia, 1, 0.02, 99.97
_Московія_, 1, 0.02, 99.98
_Московіи_, 1, 0.02, 100.00
