word, count, percent, cum
в, 144, 3.89, 3.89
и, 141, 3.81, 7.70
, 74, 2.00, 9.71
не, 41, 1.11, 10.81
на, 41, 1.11, 11.92
что, 30, 0.81, 12.73
с, 29, 0.78, 13.52
за, 25, 0.68, 14.19
женщин, 24, 0.65, 14.84
как, 20, 0.54, 15.38
к, 19, 0.51, 15.90
женщины, 17, 0.46, 16.36
для, 17, 0.46, 16.82
В, 17, 0.46, 17.27
время, 16, 0.43, 17.71
ее, 15, 0.41, 18.11
Но, 15, 0.41, 18.52
по, 14, 0.38, 18.90
от, 14, 0.38, 19.28
о, 14, 0.38, 19.65
войны, 14, 0.38, 20.03
только, 13, 0.35, 20.38
то, 13, 0.35, 20.74
стран, 12, 0.32, 21.06
из, 12, 0.32, 21.38
движение, 12, 0.32, 21.71
уже, 11, 0.30, 22.01
их, 11, 0.30, 22.30
же, 11, 0.30, 22.60
всех, 11, 0.30, 22.90
борьбы, 11, 0.30, 23.20
работниц, 10, 0.27, 23.47
партии, 10, 0.27, 23.74
движения, 10, 0.27, 24.01
г, 10, 0.27, 24.28
все, 10, 0.27, 24.55
а, 10, 0.27, 24.82
Сербии, 10, 0.27, 25.09
И, 10, 0.27, 25.36
среди, 9, 0.24, 25.60
своим, 9, 0.24, 25.84
очень, 9, 0.24, 26.09
но, 9, 0.24, 26.33
которые, 9, 0.24, 26.57
конференции, 9, 0.24, 26.82
жизни, 9, 0.24, 27.06
до, 9, 0.24, 27.30
во, 9, 0.24, 27.55
после, 8, 0.22, 27.76
организации, 8, 0.22, 27.98
ни, 8, 0.22, 28.20
лет, 8, 0.22, 28.41
женского, 8, 0.22, 28.63
борьбу, 8, 0.22, 28.85
«Еднакость», 8, 0.22, 29.06
этой, 7, 0.19, 29.25
чтобы, 7, 0.19, 29.44
социализма, 7, 0.19, 29.63
себе, 7, 0.19, 29.82
свой, 7, 0.19, 30.01
свое, 7, 0.19, 30.20
революции, 7, 0.19, 30.39
рабочего, 7, 0.19, 30.58
они, 7, 0.19, 30.77
об, 7, 0.19, 30.95
других, 7, 0.19, 31.14
Югославии, 7, 0.19, 31.33
участие, 6, 0.16, 31.49
себя, 6, 0.16, 31.66
она, 6, 0.16, 31.82
начала, 6, 0.16, 31.98
который, 6, 0.16, 32.14
женщина, 6, 0.16, 32.31
дело, 6, 0.16, 32.47
года, 6, 0.16, 32.63
была, 6, 0.16, 32.79
борьбе, 6, 0.16, 32.95
больше, 6, 0.16, 33.12
Интернационал, 6, 0.16, 33.28
Австралии, 6, 0.16, 33.44
этого, 5, 0.14, 33.58
это, 5, 0.14, 33.71
так, 5, 0.14, 33.85
социалистических, 5, 0.14, 33.98
со, 5, 0.14, 34.12
ряды, 5, 0.14, 34.25
резолюции, 5, 0.14, 34.39
рабочих, 5, 0.14, 34.52
рабочий, 5, 0.14, 34.66
против, 5, 0.14, 34.79
промышленности, 5, 0.14, 34.93
полное, 5, 0.14, 35.06
освобождение, 5, 0.14, 35.20
обычай, 5, 0.14, 35.33
необходимость, 5, 0.14, 35.47
ней, 5, 0.14, 35.60
много, 5, 0.14, 35.74
массы, 5, 0.14, 35.87
которое, 5, 0.14, 36.01
которая, 5, 0.14, 36.14
коммунистической, 5, 0.14, 36.28
класса, 5, 0.14, 36.42
имеет, 5, 0.14, 36.55
изза, 5, 0.14, 36.69
женщинработниц, 5, 0.14, 36.82
ей, 5, 0.14, 36.96
должны, 5, 0.14, 37.09
делегация, 5, 0.14, 37.23
году, 5, 0.14, 37.36
всего, 5, 0.14, 37.50
времени, 5, 0.14, 37.63
вести, 5, 0.14, 37.77
были, 5, 0.14, 37.90
бы, 5, 0.14, 38.04
более, 5, 0.14, 38.17
Это, 5, 0.14, 38.31
Они, 5, 0.14, 38.44
Она, 5, 0.14, 38.58
являются, 4, 0.11, 38.69
этом, 4, 0.11, 38.79
тысяч, 4, 0.11, 38.90
течение, 4, 0.11, 39.01
тех, 4, 0.11, 39.12
такое, 4, 0.11, 39.23
социальной, 4, 0.11, 39.33
социальное, 4, 0.11, 39.44
социалистическое, 4, 0.11, 39.55
совершенно, 4, 0.11, 39.66
свою, 4, 0.11, 39.77
рабства, 4, 0.11, 39.88
работница, 4, 0.11, 39.98
прав, 4, 0.11, 40.09
политических, 4, 0.11, 40.20
под, 4, 0.11, 40.31
партия, 4, 0.11, 40.42
партий, 4, 0.11, 40.52
организованных, 4, 0.11, 40.63
организаций, 4, 0.11, 40.74
образом, 4, 0.11, 40.85
неделю, 4, 0.11, 40.96
например, 4, 0.11, 41.07
можно, 4, 0.11, 41.17
конференция, 4, 0.11, 41.28
женщиныработницы, 4, 0.11, 41.39
женщинсоциалисток, 4, 0.11, 41.50
женское, 4, 0.11, 41.61
еще, 4, 0.11, 41.71
если, 4, 0.11, 41.82
деятельности, 4, 0.11, 41.93
день, 4, 0.11, 42.04
голоса, 4, 0.11, 42.15
главным, 4, 0.11, 42.25
где, 4, 0.11, 42.36
вот, 4, 0.11, 42.47
войну, 4, 0.11, 42.58
быть, 4, 0.11, 42.69
было, 4, 0.11, 42.80
был, 4, 0.11, 42.90
На, 4, 0.11, 43.01
Н, 4, 0.11, 43.12
Испании, 4, 0.11, 43.23
За, 4, 0.11, 43.34
Англии, 4, 0.11, 43.44
чего, 3, 0.08, 43.53
час, 3, 0.08, 43.61
ушедших, 3, 0.08, 43.69
тут, 3, 0.08, 43.77
труда, 3, 0.08, 43.85
труд, 3, 0.08, 43.93
тому, 3, 0.08, 44.01
теперь, 3, 0.08, 44.09
тем, 3, 0.08, 44.17
считают, 3, 0.08, 44.26
строя, 3, 0.08, 44.34
странах, 3, 0.08, 44.42
социалисты, 3, 0.08, 44.50
социалистки, 3, 0.08, 44.58
социалистический, 3, 0.08, 44.66
скоро, 3, 0.08, 44.74
сербским, 3, 0.08, 44.82
своих, 3, 0.08, 44.90
самым, 3, 0.08, 44.99
руб, 3, 0.08, 45.07
резолюцию, 3, 0.08, 45.15
революционного, 3, 0.08, 45.23
раскрепощение, 3, 0.08, 45.31
рабочим, 3, 0.08, 45.39
рабочие, 3, 0.08, 45.47
работу, 3, 0.08, 45.55
работницы, 3, 0.08, 45.63
работать, 3, 0.08, 45.72
работа, 3, 0.08, 45.80
проявили, 3, 0.08, 45.88
профессиональных, 3, 0.08, 45.96
пролетарок, 3, 0.08, 46.04
производства, 3, 0.08, 46.12
принимали, 3, 0.08, 46.20
при, 3, 0.08, 46.28
права, 3, 0.08, 46.36
положение, 3, 0.08, 46.44
полной, 3, 0.08, 46.53
политическое, 3, 0.08, 46.61
подчинения, 3, 0.08, 46.69
плату, 3, 0.08, 46.77
отношении, 3, 0.08, 46.85
освобождения, 3, 0.08, 46.93
оно, 3, 0.08, 47.01
общество, 3, 0.08, 47.09
области, 3, 0.08, 47.17
них, 3, 0.08, 47.26
нет, 3, 0.08, 47.34
над, 3, 0.08, 47.42
мы, 3, 0.08, 47.50
может, 3, 0.08, 47.58
мировой, 3, 0.08, 47.66
которую, 3, 0.08, 47.74
которому, 3, 0.08, 47.82
которой, 3, 0.08, 47.90
когда, 3, 0.08, 47.99
классовой, 3, 0.08, 48.07
капитализма, 3, 0.08, 48.15
империалистической, 3, 0.08, 48.23
им, 3, 0.08, 48.31
значение, 3, 0.08, 48.39
здравствует, 3, 0.08, 48.47
задачей, 3, 0.08, 48.55
забыли, 3, 0.08, 48.63
женщину, 3, 0.08, 48.72
женщине, 3, 0.08, 48.80
ему, 3, 0.08, 48.88
его, 3, 0.08, 48.96
друг, 3, 0.08, 49.04
долг, 3, 0.08, 49.12
движении, 3, 0.08, 49.20
говорилось, 3, 0.08, 49.28
вождей, 3, 0.08, 49.36
большевичек, 3, 0.08, 49.45
болгарских, 3, 0.08, 49.53
без, 3, 0.08, 49.61
России, 3, 0.08, 49.69
Если, 3, 0.08, 49.77
Да, 3, 0.08, 49.85
Болгарии, 3, 0.08, 49.93
А, 3, 0.08, 50.01
iii, 3, 0.08, 50.09
является, 2, 0.05, 50.15
я, 2, 0.05, 50.20
юридических, 2, 0.05, 50.26
эту, 2, 0.05, 50.31
этим, 2, 0.05, 50.36
эти, 2, 0.05, 50.42
энергичной, 2, 0.05, 50.47
энергии, 2, 0.05, 50.53
эксплоатация, 2, 0.05, 50.58
экономическое, 2, 0.05, 50.64
широкое, 2, 0.05, 50.69
шаги, 2, 0.05, 50.74
членов, 2, 0.05, 50.80
число, 2, 0.05, 50.85
часовой, 2, 0.05, 50.91
часов, 2, 0.05, 50.96
хотели, 2, 0.05, 51.01
характер, 2, 0.05, 51.07
фронте, 2, 0.05, 51.12
феминизмом, 2, 0.05, 51.18
фабриках, 2, 0.05, 51.23
устав, 2, 0.05, 51.28
условиях, 2, 0.05, 51.34
усилиями, 2, 0.05, 51.39
удалось, 2, 0.05, 51.45
тяжелых, 2, 0.05, 51.50
трех, 2, 0.05, 51.55
требовать, 2, 0.05, 51.61
том, 2, 0.05, 51.66
товарищей, 2, 0.05, 51.72
тов, 2, 0.05, 51.77
также, 2, 0.05, 51.82
т, 2, 0.05, 51.88
существует, 2, 0.05, 51.93
существование, 2, 0.05, 51.99
стремление, 2, 0.05, 52.04
страдали, 2, 0.05, 52.10
стороны, 2, 0.05, 52.15
стол, 2, 0.05, 52.20
старый, 2, 0.05, 52.26
стали, 2, 0.05, 52.31
ставит, 2, 0.05, 52.37
средства, 2, 0.05, 52.42
союзы, 2, 0.05, 52.47
союзами, 2, 0.05, 52.53
социалисток, 2, 0.05, 52.58
социализм, 2, 0.05, 52.64
сомнения, 2, 0.05, 52.69
солдаты, 2, 0.05, 52.74
события, 2, 0.05, 52.80
сказать, 2, 0.05, 52.85
сказали, 2, 0.05, 52.91
сестры, 2, 0.05, 52.96
сербский, 2, 0.05, 53.01
секунду, 2, 0.05, 53.07
сделать, 2, 0.05, 53.12
сделано, 2, 0.05, 53.18
своими, 2, 0.05, 53.23
свои, 2, 0.05, 53.28
своем, 2, 0.05, 53.34
свободы, 2, 0.05, 53.39
самое, 2, 0.05, 53.45
рядах, 2, 0.05, 53.50
русской, 2, 0.05, 53.56
роль, 2, 0.05, 53.61
резолюция, 2, 0.05, 53.66
революция, 2, 0.05, 53.72
революционной, 2, 0.05, 53.77
работы, 2, 0.05, 53.83
работницу, 2, 0.05, 53.88
работницам, 2, 0.05, 53.93
работает, 2, 0.05, 53.99
пут, 2, 0.05, 54.04
профессиональными, 2, 0.05, 54.10
просвещением, 2, 0.05, 54.15
пропаганды, 2, 0.05, 54.20
пропаганду, 2, 0.05, 54.26
пролетарки, 2, 0.05, 54.31
пролетариат, 2, 0.05, 54.37
приток, 2, 0.05, 54.42
принимают, 2, 0.05, 54.47
приказчиц, 2, 0.05, 54.53
представительниц, 2, 0.05, 54.58
предприятиях, 2, 0.05, 54.64
предоставлении, 2, 0.05, 54.69
предложение, 2, 0.05, 54.74
правительствам, 2, 0.05, 54.80
почве, 2, 0.05, 54.85
последнее, 2, 0.05, 54.91
пор, 2, 0.05, 54.96
помогали, 2, 0.05, 55.01
положении, 2, 0.05, 55.07
поднять, 2, 0.05, 55.12
побочным, 2, 0.05, 55.18
победе, 2, 0.05, 55.23
победа, 2, 0.05, 55.29
платы, 2, 0.05, 55.34
письмо, 2, 0.05, 55.39
первых, 2, 0.05, 55.45
первые, 2, 0.05, 55.50
первом, 2, 0.05, 55.56
партию, 2, 0.05, 55.61
открыто, 2, 0.05, 55.66
отечества», 2, 0.05, 55.72
особенно, 2, 0.05, 55.77
организацию, 2, 0.05, 55.83
орган, 2, 0.05, 55.88
определенно, 2, 0.05, 55.93
он, 2, 0.05, 55.99
около, 2, 0.05, 56.04
оковы, 2, 0.05, 56.10
одном, 2, 0.05, 56.15
общий, 2, 0.05, 56.20
общей, 2, 0.05, 56.26
обувь, 2, 0.05, 56.31
обманывать, 2, 0.05, 56.37
никогда, 2, 0.05, 56.42
немецкие, 2, 0.05, 56.47
некоторых, 2, 0.05, 56.53
недель, 2, 0.05, 56.58
нашли, 2, 0.05, 56.64
наша, 2, 0.05, 56.69
началось, 2, 0.05, 56.75
начал, 2, 0.05, 56.80
насчитывается, 2, 0.05, 56.85
наравне, 2, 0.05, 56.91
наиболее, 2, 0.05, 56.96
наверное, 2, 0.05, 57.02
мужчиной, 2, 0.05, 57.07
мудрый, 2, 0.05, 57.12
мира, 2, 0.05, 57.18
миллионы, 2, 0.05, 57.23
место, 2, 0.05, 57.29
международной, 2, 0.05, 57.34
массам, 2, 0.05, 57.39
магазинах, 2, 0.05, 57.45
м, 2, 0.05, 57.50
людей, 2, 0.05, 57.56
кроме, 2, 0.05, 57.61
кризис, 2, 0.05, 57.66
которых, 2, 0.05, 57.72
конечно, 2, 0.05, 57.77
конгрессе, 2, 0.05, 57.83
коммунисток, 2, 0.05, 57.88
коммунистическую, 2, 0.05, 57.93
коммунизм, 2, 0.05, 57.99
квартирной, 2, 0.05, 58.04
касается, 2, 0.05, 58.10
капиталистического, 2, 0.05, 58.15
капиталистических, 2, 0.05, 58.20
июля, 2, 0.05, 58.26
империалистических, 2, 0.05, 58.31
или, 2, 0.05, 58.37
изменения, 2, 0.05, 58.42
издавать, 2, 0.05, 58.48
идет, 2, 0.05, 58.53
знамя, 2, 0.05, 58.58
заставляет, 2, 0.05, 58.64
заработка, 2, 0.05, 58.69
законом, 2, 0.05, 58.75
закон, 2, 0.05, 58.80
завоевания, 2, 0.05, 58.85
забастовок, 2, 0.05, 58.91
забастовках, 2, 0.05, 58.96
жизнь, 2, 0.05, 59.02
женщинуработницу, 2, 0.05, 59.07
женской, 2, 0.05, 59.12
женских, 2, 0.05, 59.18
женский, 2, 0.05, 59.23
женские, 2, 0.05, 59.29
жалованье, 2, 0.05, 59.34
доклад, 2, 0.05, 59.39
довольно, 2, 0.05, 59.45
дня, 2, 0.05, 59.50
держав, 2, 0.05, 59.56
демонстрациях, 2, 0.05, 59.61
делегатка, 2, 0.05, 59.66
деле, 2, 0.05, 59.72
делает, 2, 0.05, 59.77
дала, 2, 0.05, 59.83
даже, 2, 0.05, 59.88
д, 2, 0.05, 59.94
грядущей, 2, 0.05, 59.99
громадное, 2, 0.05, 60.04
голос, 2, 0.05, 60.10
говорить, 2, 0.05, 60.15
главе, 2, 0.05, 60.21
всякое, 2, 0.05, 60.26
вполне, 2, 0.05, 60.31
воюющих, 2, 0.05, 60.37
воспрещается, 2, 0.05, 60.42
войной, 2, 0.05, 60.48
войне, 2, 0.05, 60.53
война, 2, 0.05, 60.58
возможность, 2, 0.05, 60.64
возможности, 2, 0.05, 60.69
воевать, 2, 0.05, 60.75
вместе, 2, 0.05, 60.80
буржуазии, 2, 0.05, 60.85
будут, 2, 0.05, 60.91
будет, 2, 0.05, 60.96
бороться, 2, 0.05, 61.02
больших, 2, 0.05, 61.07
большинства, 2, 0.05, 61.12
большего, 2, 0.05, 61.18
большевиков, 2, 0.05, 61.23
английские, 2, 0.05, 61.29
активным, 2, 0.05, 61.34
агитации, 2, 0.05, 61.39
австралийской, 2, 0.05, 61.45
Этим, 2, 0.05, 61.50
Швейцарии, 2, 0.05, 61.56
Что, 2, 0.05, 61.61
Цеткиной, 2, 0.05, 61.67
Цеткин, 2, 0.05, 61.72
ЦК, 2, 0.05, 61.77
Союза, 2, 0.05, 61.83
Полиграфического, 2, 0.05, 61.88
Очень, 2, 0.05, 61.94
Особенно, 2, 0.05, 61.99
Организация, 2, 0.05, 62.04
Одновременно, 2, 0.05, 62.10
Ломский, 2, 0.05, 62.15
Ленин, 2, 0.05, 62.21
Кларой, 2, 0.05, 62.26
Клара, 2, 0.05, 62.31
Их, 2, 0.05, 62.37
Интернационала, 2, 0.05, 62.42
Женщины, 2, 0.05, 62.48
Все, 2, 0.05, 62.53
Благодаря, 2, 0.05, 62.58
Бернской, 2, 0.05, 62.64
Берне, 2, 0.05, 62.69
Англия, 2, 0.05, 62.75
Австралия, 2, 0.05, 62.80
ii, 2, 0.05, 62.85
„Равенство“, 1, 0.03, 62.88
якобы, 1, 0.03, 62.91
язык, 1, 0.03, 62.94
являлись, 1, 0.03, 62.96
югославянском, 1, 0.03, 62.99
югославянское, 1, 0.03, 63.02
югославянского, 1, 0.03, 63.04
югославянских, 1, 0.03, 63.07
югославии, 1, 0.03, 63.10
этот, 1, 0.03, 63.13
этих, 1, 0.03, 63.15
этик, 1, 0.03, 63.18
эпоху, 1, 0.03, 63.21
энергично, 1, 0.03, 63.23
элементом, 1, 0.03, 63.26
эксплуатацию:, 1, 0.03, 63.29
эксплуатацию, 1, 0.03, 63.31
эксплуатации, 1, 0.03, 63.34
эксплоатацию, 1, 0.03, 63.37
экономической, 1, 0.03, 63.40
экономический, 1, 0.03, 63.42
экономические, 1, 0.03, 63.45
экз, 1, 0.03, 63.48
штутгартскую, 1, 0.03, 63.50
штутгартской, 1, 0.03, 63.53
ширятся, 1, 0.03, 63.56
широкие, 1, 0.03, 63.58
шиллингов, 1, 0.03, 63.61
швейцарские;, 1, 0.03, 63.64
швейцарская, 1, 0.03, 63.67
швейной, 1, 0.03, 63.69
шагов, 1, 0.03, 63.72
чужих, 1, 0.03, 63.75
членыженщины, 1, 0.03, 63.77
читателям, 1, 0.03, 63.80
читала, 1, 0.03, 63.83
чиновников, 1, 0.03, 63.86
четвертую—право, 1, 0.03, 63.88
чертах, 1, 0.03, 63.91
черные, 1, 0.03, 63.94
чем, 1, 0.03, 63.96
человеческого, 1, 0.03, 63.99
человек, 1, 0.03, 64.02
частью, 1, 0.03, 64.04
часть, 1, 0.03, 64.07
частым, 1, 0.03, 64.10
часто, 1, 0.03, 64.13
церковь, 1, 0.03, 64.15
церкви, 1, 0.03, 64.18
цепями, 1, 0.03, 64.21
центральных, 1, 0.03, 64.23
центральный, 1, 0.03, 64.26
центрального, 1, 0.03, 64.29
центральная, 1, 0.03, 64.31
целью, 1, 0.03, 64.34
целое, 1, 0.03, 64.37
хуже, 1, 0.03, 64.40
христианство, 1, 0.03, 64.42
хотя, 1, 0.03, 64.45
хоть, 1, 0.03, 64.48
хорошо, 1, 0.03, 64.50
хозяйстве, 1, 0.03, 64.53
ходе, 1, 0.03, 64.56
ход, 1, 0.03, 64.59
хватает, 1, 0.03, 64.61
характере, 1, 0.03, 64.64
ханжество, 1, 0.03, 64.67
фронты, 1, 0.03, 64.69
фронт, 1, 0.03, 64.72
формулированы, 1, 0.03, 64.75
формам, 1, 0.03, 64.77
физического, 1, 0.03, 64.80
фермента, 1, 0.03, 64.83
феминистическими, 1, 0.03, 64.86
факту, 1, 0.03, 64.88
фактор, 1, 0.03, 64.91
фактически, 1, 0.03, 64.94
учит, 1, 0.03, 64.96
участия, 1, 0.03, 64.99
участи, 1, 0.03, 65.02
участвует, 1, 0.03, 65.04
участвовали, 1, 0.03, 65.07
утра, 1, 0.03, 65.10
уставе, 1, 0.03, 65.13
успеха, 1, 0.03, 65.15
условия, 1, 0.03, 65.18
условий, 1, 0.03, 65.21
усилия, 1, 0.03, 65.23
усилий, 1, 0.03, 65.26
уничтожить, 1, 0.03, 65.29
уничтожает, 1, 0.03, 65.31
унесли, 1, 0.03, 65.34
умственного, 1, 0.03, 65.37
умирать, 1, 0.03, 65.40
умиравших, 1, 0.03, 65.42
улучшения, 1, 0.03, 65.45
уклад, 1, 0.03, 65.48
указке, 1, 0.03, 65.50
укажет, 1, 0.03, 65.53
ужасы, 1, 0.03, 65.56
ужасных, 1, 0.03, 65.59
удовлетворением, 1, 0.03, 65.61
увидели, 1, 0.03, 65.64
уверяли, 1, 0.03, 65.67
увеличивающаяся, 1, 0.03, 65.69
увеличения, 1, 0.03, 65.72
убеждена, 1, 0.03, 65.75
убедиться, 1, 0.03, 65.77
у, 1, 0.03, 65.80
тяжести, 1, 0.03, 65.83
тяжелые, 1, 0.03, 65.86
тяжело, 1, 0.03, 65.88
тяжелее, 1, 0.03, 65.91
тыла—женщины:, 1, 0.03, 65.94
тщательно, 1, 0.03, 65.96
тучи, 1, 0.03, 65.99
тупой, 1, 0.03, 66.02
трудящихся, 1, 0.03, 66.04
трудящиеся, 1, 0.03, 66.07
трудом, 1, 0.03, 66.10
трудном, 1, 0.03, 66.13
три, 1, 0.03, 66.15
трехлетней, 1, 0.03, 66.18
требования, 1, 0.03, 66.21
требованием, 1, 0.03, 66.23
требовалось, 1, 0.03, 66.26
точно, 1, 0.03, 66.29
точке, 1, 0.03, 66.32
торжеству, 1, 0.03, 66.34
торжестве, 1, 0.03, 66.37
торговых, 1, 0.03, 66.40
толчок, 1, 0.03, 66.42
толкнули, 1, 0.03, 66.45
толкал, 1, 0.03, 66.48
той, 1, 0.03, 66.50
тогдашнее, 1, 0.03, 66.53
товарищиработницы, 1, 0.03, 66.56
товарищемрабочим, 1, 0.03, 66.59
товарищемпролетарием, 1, 0.03, 66.61
товарищами, 1, 0.03, 66.64
товарищам, 1, 0.03, 66.67
товарищ, 1, 0.03, 66.69
типографской, 1, 0.03, 66.72
типография, 1, 0.03, 66.75
ти, 1, 0.03, 66.77
терял, 1, 0.03, 66.80
терпит, 1, 0.03, 66.83
терпели, 1, 0.03, 66.86
темноты, 1, 0.03, 66.88
тела, 1, 0.03, 66.91
текстильщиц, 1, 0.03, 66.94
текстильном, 1, 0.03, 66.96
те, 1, 0.03, 66.99
твердые, 1, 0.03, 67.02
твердой, 1, 0.03, 67.05
твердо, 1, 0.03, 67.07
тактическими, 1, 0.03, 67.10
такие, 1, 0.03, 67.13
сыграют, 1, 0.03, 67.15
съехались, 1, 0.03, 67.18
съезде, 1, 0.03, 67.21
съездах, 1, 0.03, 67.23
считая, 1, 0.03, 67.26
счастливой, 1, 0.03, 67.29
сходны, 1, 0.03, 67.32
сходно, 1, 0.03, 67.34
существом, 1, 0.03, 67.37
суффражистки, 1, 0.03, 67.40
сутки, 1, 0.03, 67.42
судить, 1, 0.03, 67.45
суда, 1, 0.03, 67.48
субботы, 1, 0.03, 67.50
строя—то, 1, 0.03, 67.53
строй, 1, 0.03, 67.56
стремительным, 1, 0.03, 67.59
стрелять, 1, 0.03, 67.61
страны, 1, 0.03, 67.64
страну, 1, 0.03, 67.67
стоящих, 1, 0.03, 67.69
стоят, 1, 0.03, 67.72
стояла, 1, 0.03, 67.75
столько, 1, 0.03, 67.78
столетия, 1, 0.03, 67.80
стойкие, 1, 0.03, 67.83
стоит, 1, 0.03, 67.86
статья, 1, 0.03, 67.88
стать, 1, 0.03, 67.91
статистике, 1, 0.03, 67.94
статей, 1, 0.03, 67.96
старого, 1, 0.03, 67.99
староанглийском, 1, 0.03, 68.02
становится, 1, 0.03, 68.05
станков, 1, 0.03, 68.07
ставило, 1, 0.03, 68.10
ставил, 1, 0.03, 68.13
средних, 1, 0.03, 68.15
способствовали, 1, 0.03, 68.18
способными, 1, 0.03, 68.21
способности, 1, 0.03, 68.23
спорта, 1, 0.03, 68.26
сплочению, 1, 0.03, 68.29
сплотившие, 1, 0.03, 68.32
спичечном, 1, 0.03, 68.34
спекуляция, 1, 0.03, 68.37
спать, 1, 0.03, 68.40
спасет, 1, 0.03, 68.42
спайке, 1, 0.03, 68.45
союзов;, 1, 0.03, 68.48
союзов, 1, 0.03, 68.51
союзах, 1, 0.03, 68.53
союзам, 1, 0.03, 68.56
союз, 1, 0.03, 68.59
социальных, 1, 0.03, 68.61
социальным, 1, 0.03, 68.64
социальная, 1, 0.03, 68.67
социалпатриотовреформистов, 1, 0.03, 68.69
социалисткой, 1, 0.03, 68.72
социалистическом, 1, 0.03, 68.75
социалистической, 1, 0.03, 68.78
социалистического, 1, 0.03, 68.80
социалистическая, 1, 0.03, 68.83
соцдемократок, 1, 0.03, 68.86
соцдемократической, 1, 0.03, 68.88
сохранить, 1, 0.03, 68.91
сохранение, 1, 0.03, 68.94
состояния, 1, 0.03, 68.96
состоялась, 1, 0.03, 68.99
состоявшейся, 1, 0.03, 69.02
составлял, 1, 0.03, 69.05
составленную, 1, 0.03, 69.07
сорганизоваться, 1, 0.03, 69.10
сопутствовалось, 1, 0.03, 69.13
солдатсоциалистов, 1, 0.03, 69.15
солдат, 1, 0.03, 69.18
созыву, 1, 0.03, 69.21
сознания, 1, 0.03, 69.23
сознали, 1, 0.03, 69.26
сознавать, 1, 0.03, 69.29
созданы, 1, 0.03, 69.32
созданная, 1, 0.03, 69.34
создала, 1, 0.03, 69.37
созвана, 1, 0.03, 69.40
соединяйтесь”_, 1, 0.03, 69.42
содействовал, 1, 0.03, 69.45
соглашению, 1, 0.03, 69.48
современное, 1, 0.03, 69.51
совместной, 1, 0.03, 69.53
событиях, 1, 0.03, 69.56
событие, 1, 0.03, 69.59
собственной, 1, 0.03, 69.61
собой, 1, 0.03, 69.64
соблюдай, 1, 0.03, 69.67
сносное, 1, 0.03, 69.69
снова, 1, 0.03, 69.72
сна, 1, 0.03, 69.75
смысле, 1, 0.03, 69.78
сможет, 1, 0.03, 69.80
смертью, 1, 0.03, 69.83
смерть, 1, 0.03, 69.86
сменяется, 1, 0.03, 69.88
смелость, 1, 0.03, 69.91
слышен, 1, 0.03, 69.94
слушайся, 1, 0.03, 69.96
случае, 1, 0.03, 69.99
служить, 1, 0.03, 70.02
служанок, 1, 0.03, 70.05
словами, 1, 0.03, 70.07
слова, 1, 0.03, 70.10
слезами, 1, 0.03, 70.13
следующим, 1, 0.03, 70.15
следует, 1, 0.03, 70.18
следовало, 1, 0.03, 70.21
слабых, 1, 0.03, 70.24
слабо, 1, 0.03, 70.26
скота, 1, 0.03, 70.29
скот, 1, 0.03, 70.32
сих, 1, 0.03, 70.34
синдикаты, 1, 0.03, 70.37
сильным, 1, 0.03, 70.40
сильный, 1, 0.03, 70.42
сил, 1, 0.03, 70.45
сестер, 1, 0.03, 70.48
сердцах, 1, 0.03, 70.51
сербских, 1, 0.03, 70.53
сербскими, 1, 0.03, 70.56
сербские, 1, 0.03, 70.59
сербская, 1, 0.03, 70.61
сельском, 1, 0.03, 70.64
секретариатов, 1, 0.03, 70.67
секретариат, 1, 0.03, 70.69
сейчас, 1, 0.03, 70.72
сегоднязавтра, 1, 0.03, 70.75
сегодня, 1, 0.03, 70.78
сделало, 1, 0.03, 70.80
сделали, 1, 0.03, 70.83
священника, 1, 0.03, 70.86
своему, 1, 0.03, 70.88
своей, 1, 0.03, 70.91
своего, 1, 0.03, 70.94
свободной»—как, 1, 0.03, 70.97
свободной, 1, 0.03, 70.99
свободное, 1, 0.03, 71.02
свободна, 1, 0.03, 71.05
свобод, 1, 0.03, 71.07
свирепой, 1, 0.03, 71.10
свергнуть, 1, 0.03, 71.13
свела, 1, 0.03, 71.15
сведения, 1, 0.03, 71.18
самых, 1, 0.03, 71.21
самостоятельную, 1, 0.03, 71.24
самому, 1, 0.03, 71.26
самих, 1, 0.03, 71.29
сама, 1, 0.03, 71.32
сам, 1, 0.03, 71.34
русских, 1, 0.03, 71.37
русская, 1, 0.03, 71.40
руку, 1, 0.03, 71.42
руководящем, 1, 0.03, 71.45
руководством, 1, 0.03, 71.48
руководить, 1, 0.03, 71.51
руки, 1, 0.03, 71.53
рукаобруку, 1, 0.03, 71.56
рука, 1, 0.03, 71.59
ростом, 1, 0.03, 71.61
родов, 1, 0.03, 71.64
родных, 1, 0.03, 71.67
решительными, 1, 0.03, 71.70
решительному, 1, 0.03, 71.72
решение:, 1, 0.03, 71.75
реформы, 1, 0.03, 71.78
реформ, 1, 0.03, 71.80
религия, 1, 0.03, 71.83
религиозное, 1, 0.03, 71.86
результаты, 1, 0.03, 71.88
результатов, 1, 0.03, 71.91
резко, 1, 0.03, 71.94
революционными, 1, 0.03, 71.97
революционный, 1, 0.03, 71.99
революционные, 1, 0.03, 72.02
революционную, 1, 0.03, 72.05
революционеркам, 1, 0.03, 72.07
революций, 1, 0.03, 72.10
реакции, 1, 0.03, 72.13
расходы, 1, 0.03, 72.15
растущая, 1, 0.03, 72.18
растет, 1, 0.03, 72.21
растворились, 1, 0.03, 72.24
распространять, 1, 0.03, 72.26
распался, 1, 0.03, 72.29
разъяснить, 1, 0.03, 72.32
разрушительной, 1, 0.03, 72.34
разрушает, 1, 0.03, 72.37
разрешить, 1, 0.03, 72.40
разорение, 1, 0.03, 72.42
разобьет, 1, 0.03, 72.45
разнородного, 1, 0.03, 72.48
разновидность, 1, 0.03, 72.51
размеры, 1, 0.03, 72.53
размеров, 1, 0.03, 72.56
различных, 1, 0.03, 72.59
разделяются, 1, 0.03, 72.61
раздался, 1, 0.03, 72.64
разгромом, 1, 0.03, 72.67
развращающее, 1, 0.03, 72.70
развитых, 1, 0.03, 72.72
развито, 1, 0.03, 72.75
развивая, 1, 0.03, 72.78
развивалось, 1, 0.03, 72.80
разбудили, 1, 0.03, 72.83
разбитого, 1, 0.03, 72.86
раз, 1, 0.03, 72.88
ради, 1, 0.03, 72.91
равноправна, 1, 0.03, 72.94
равноправию, 1, 0.03, 72.97
равноправие», 1, 0.03, 72.99
равноправие, 1, 0.03, 73.02
рабыню, 1, 0.03, 73.05
рабыней, 1, 0.03, 73.07
рабочихмужчин, 1, 0.03, 73.10
рабочему, 1, 0.03, 73.13
рабочей, 1, 0.03, 73.15
рабочая, 1, 0.03, 73.18
работницженщин, 1, 0.03, 73.21
работе, 1, 0.03, 73.24
работающие, 1, 0.03, 73.26
работают, 1, 0.03, 73.29
работаем, 1, 0.03, 73.32
рабой, 1, 0.03, 73.34
р, 1, 0.03, 73.37
путь, 1, 0.03, 73.40
пустила, 1, 0.03, 73.43
пускать, 1, 0.03, 73.45
проявят, 1, 0.03, 73.48
прошлой, 1, 0.03, 73.51
прошло, 1, 0.03, 73.53
процессе, 1, 0.03, 73.56
профсоюзы, 1, 0.03, 73.59
профессиональные, 1, 0.03, 73.61
проф, 1, 0.03, 73.64
протест, 1, 0.03, 73.67
проституция—продажа, 1, 0.03, 73.70
проституция, 1, 0.03, 73.72
проституции, 1, 0.03, 73.75
просвещения, 1, 0.03, 73.78
просветительную, 1, 0.03, 73.80
просветительной, 1, 0.03, 73.83
проповедует, 1, 0.03, 73.86
промышленных, 1, 0.03, 73.88
промышленный, 1, 0.03, 73.91
промышленность, 1, 0.03, 73.94
пролетарской, 1, 0.03, 73.97
пролетарское, 1, 0.03, 73.99
пролетарских, 1, 0.03, 74.02
пролетарская, 1, 0.03, 74.05
пролетариата, 1, 0.03, 74.07
прокламируют, 1, 0.03, 74.10
происходили, 1, 0.03, 74.13
происходившей, 1, 0.03, 74.16
произошли, 1, 0.03, 74.18
произнесенная, 1, 0.03, 74.21
производство, 1, 0.03, 74.24
производстве, 1, 0.03, 74.26
производствах, 1, 0.03, 74.29
прозябают, 1, 0.03, 74.32
продолжать, 1, 0.03, 74.34
продолжает, 1, 0.03, 74.37
продажу, 1, 0.03, 74.40
продавщицы, 1, 0.03, 74.43
прогресс, 1, 0.03, 74.45
программу, 1, 0.03, 74.48
провинциях, 1, 0.03, 74.51
провинциям, 1, 0.03, 74.53
провинциальных, 1, 0.03, 74.56
пробуждает, 1, 0.03, 74.59
пробудили, 1, 0.03, 74.61
пришлось, 1, 0.03, 74.64
причинах, 1, 0.03, 74.67
причем—они, 1, 0.03, 74.70
приходится, 1, 0.03, 74.72
прихвостней, 1, 0.03, 74.75
приспосабливаться, 1, 0.03, 74.78
прислали, 1, 0.03, 74.80
принять, 1, 0.03, 74.83
принята, 1, 0.03, 74.86
приняло, 1, 0.03, 74.89
приняли, 1, 0.03, 74.91
принципе, 1, 0.03, 74.94
принудить, 1, 0.03, 74.97
принимало, 1, 0.03, 74.99
принимала, 1, 0.03, 75.02
принесли, 1, 0.03, 75.05
принесет, 1, 0.03, 75.07
примеру, 1, 0.03, 75.10
применять, 1, 0.03, 75.13
применение, 1, 0.03, 75.16
приложить, 1, 0.03, 75.18
призыв, 1, 0.03, 75.21
призрак, 1, 0.03, 75.24
признать, 1, 0.03, 75.26
приемами, 1, 0.03, 75.29
придется, 1, 0.03, 75.32
придавала, 1, 0.03, 75.34
приговора, 1, 0.03, 75.37
приветствовать, 1, 0.03, 75.40
привела, 1, 0.03, 75.43
преувеличивали, 1, 0.03, 75.45
преувеличения, 1, 0.03, 75.48
претерпело, 1, 0.03, 75.51
преступлением, 1, 0.03, 75.53
прекращения, 1, 0.03, 75.56
прекращающееся, 1, 0.03, 75.59
прекратила, 1, 0.03, 75.62
прежде, 1, 0.03, 75.64
предусмотрел, 1, 0.03, 75.67
представляют, 1, 0.03, 75.70
представители, 1, 0.03, 75.72
предрассудков, 1, 0.03, 75.75
предполагалось, 1, 0.03, 75.78
предоставлялось, 1, 0.03, 75.80
предоставление, 1, 0.03, 75.83
предоставить, 1, 0.03, 75.86
предлогом, 1, 0.03, 75.89
предлагая, 1, 0.03, 75.91
предвидит, 1, 0.03, 75.94
превосходными, 1, 0.03, 75.97
правящие, 1, 0.03, 75.99
правой, 1, 0.03, 76.02
право, 1, 0.03, 76.05
правительствами, 1, 0.03, 76.07
правительства, 1, 0.03, 76.10
правду, 1, 0.03, 76.13
поэтому, 1, 0.03, 76.16
пощадила, 1, 0.03, 76.18
потребностям, 1, 0.03, 76.21
потому, 1, 0.03, 76.24
постоянно, 1, 0.03, 76.26
постель, 1, 0.03, 76.29
постели, 1, 0.03, 76.32
последствиях, 1, 0.03, 76.34
последствия, 1, 0.03, 76.37
последних, 1, 0.03, 76.40
последние, 1, 0.03, 76.43
последнему, 1, 0.03, 76.45
последнего, 1, 0.03, 76.48
послан, 1, 0.03, 76.51
порой, 1, 0.03, 76.53
поражения, 1, 0.03, 76.56
поприщах, 1, 0.03, 76.59
попав, 1, 0.03, 76.62
понимать, 1, 0.03, 76.64
понимается, 1, 0.03, 76.67
понизили, 1, 0.03, 76.70
понедельника, 1, 0.03, 76.72
понадобилось, 1, 0.03, 76.75
помощи, 1, 0.03, 76.78
помогать, 1, 0.03, 76.80
помешало, 1, 0.03, 76.83
польской, 1, 0.03, 76.86
польская, 1, 0.03, 76.89
получили, 1, 0.03, 76.91
получил, 1, 0.03, 76.94
получение, 1, 0.03, 76.97
получают, 1, 0.03, 76.99
получаемое, 1, 0.03, 77.02
полуколониальной, 1, 0.03, 77.05
полу, 1, 0.03, 77.07
положения, 1, 0.03, 77.10
положением, 1, 0.03, 77.13
полностью, 1, 0.03, 77.16
полном, 1, 0.03, 77.18
политической, 1, 0.03, 77.21
политический, 1, 0.03, 77.24
политика, 1, 0.03, 77.26
покорно, 1, 0.03, 77.29
пока, 1, 0.03, 77.32
позор, 1, 0.03, 77.35
позволили, 1, 0.03, 77.37
позволенных, 1, 0.03, 77.40
подчиняет, 1, 0.03, 77.43
подчеркивать, 1, 0.03, 77.45
подразумевается, 1, 0.03, 77.48
поднятия, 1, 0.03, 77.51
поднималась, 1, 0.03, 77.53
поденную, 1, 0.03, 77.56
поддержке, 1, 0.03, 77.59
подготовляет, 1, 0.03, 77.62
подготовлявшейся, 1, 0.03, 77.64
подготовку, 1, 0.03, 77.67
подарком, 1, 0.03, 77.70
подавлявших, 1, 0.03, 77.72
повышение, 1, 0.03, 77.75
повсюду, 1, 0.03, 77.78
повседневной, 1, 0.03, 77.80
поведении, 1, 0.03, 77.83
побочного, 1, 0.03, 77.86
победой, 1, 0.03, 77.89
побед, 1, 0.03, 77.91
плате, 1, 0.03, 77.94
плата, 1, 0.03, 77.97
писала, 1, 0.03, 77.99
печатницы, 1, 0.03, 78.02
печатников, 1, 0.03, 78.05
период, 1, 0.03, 78.08
перешагнули, 1, 0.03, 78.10
перечисленные, 1, 0.03, 78.13
перетерпеть, 1, 0.03, 78.16
перестала, 1, 0.03, 78.18
переставали, 1, 0.03, 78.21
переставала, 1, 0.03, 78.24
перенес, 1, 0.03, 78.26
переживала, 1, 0.03, 78.29
передовых, 1, 0.03, 78.32
передаче, 1, 0.03, 78.35
первый, 1, 0.03, 78.37
первой, 1, 0.03, 78.40
первая, 1, 0.03, 78.43
пацифистской, 1, 0.03, 78.45
партийных, 1, 0.03, 78.48
партийные, 1, 0.03, 78.51
партийной, 1, 0.03, 78.53
парламента, 1, 0.03, 78.56
парламент, 1, 0.03, 78.59
ощущается, 1, 0.03, 78.62
очки, 1, 0.03, 78.64
оценивает, 1, 0.03, 78.67
охранителям, 1, 0.03, 78.70
официальной, 1, 0.03, 78.72
отсталость, 1, 0.03, 78.75
отсталой, 1, 0.03, 78.78
отрицательном, 1, 0.03, 78.81
отрезвление, 1, 0.03, 78.83
отраслях, 1, 0.03, 78.86
отрасль, 1, 0.03, 78.89
отразились, 1, 0.03, 78.91
отразила, 1, 0.03, 78.94
отношениях, 1, 0.03, 78.97
отзывается, 1, 0.03, 78.99
отдых, 1, 0.03, 79.02
отдельным, 1, 0.03, 79.05
отдали, 1, 0.03, 79.08
ответ, 1, 0.03, 79.10
отвергнуто, 1, 0.03, 79.13
отвергают, 1, 0.03, 79.16
отвагу, 1, 0.03, 79.18
осуждении, 1, 0.03, 79.21
остальное:, 1, 0.03, 79.24
основанная, 1, 0.03, 79.26
основании, 1, 0.03, 79.29
осенью, 1, 0.03, 79.32
освобожденная, 1, 0.03, 79.35
освобождению, 1, 0.03, 79.37
освободительного, 1, 0.03, 79.40
органом, 1, 0.03, 79.43
организованной, 1, 0.03, 79.45
организованно, 1, 0.03, 79.48
организовался, 1, 0.03, 79.51
организациях, 1, 0.03, 79.54
организациями, 1, 0.03, 79.56
организационным, 1, 0.03, 79.59
организацией, 1, 0.03, 79.62
органе, 1, 0.03, 79.64
определяется, 1, 0.03, 79.67
определенную, 1, 0.03, 79.70
оплачивает, 1, 0.03, 79.72
оплатить, 1, 0.03, 79.75
опеки, 1, 0.03, 79.78
окончательному, 1, 0.03, 79.81
окончательное, 1, 0.03, 79.83
оков, 1, 0.03, 79.86
оккупации, 1, 0.03, 79.89
оказалось, 1, 0.03, 79.91
означали, 1, 0.03, 79.94
одурачить, 1, 0.03, 79.97
одну, 1, 0.03, 79.99
одно—итти, 1, 0.03, 80.02
однообразная, 1, 0.03, 80.05
одной, 1, 0.03, 80.08
одного, 1, 0.03, 80.10
одновременно, 1, 0.03, 80.13
однобокие, 1, 0.03, 80.16
одни, 1, 0.03, 80.18
один, 1, 0.03, 80.21
одетыми, 1, 0.03, 80.24
одежу;, 1, 0.03, 80.26
одежду, 1, 0.03, 80.29
обязанность, 1, 0.03, 80.32
обязана, 1, 0.03, 80.35
обычая, 1, 0.03, 80.37
обычае, 1, 0.03, 80.40
объяснить, 1, 0.03, 80.43
объявили, 1, 0.03, 80.45
объединенных, 1, 0.03, 80.48
объединенной, 1, 0.03, 80.51
объединения, 1, 0.03, 80.54
объединение, 1, 0.03, 80.56
общими, 1, 0.03, 80.59
общественном, 1, 0.03, 80.62
общественной, 1, 0.03, 80.64
обществе, 1, 0.03, 80.67
общем, 1, 0.03, 80.70
обуви, 1, 0.03, 80.72
обстоятельство, 1, 0.03, 80.75
обрекает, 1, 0.03, 80.78
обращается, 1, 0.03, 80.81
обратиться, 1, 0.03, 80.83
образом:, 1, 0.03, 80.86
образования, 1, 0.03, 80.89
обозначало, 1, 0.03, 80.91
обнаруживали, 1, 0.03, 80.94
обнародованию, 1, 0.03, 80.97
обеспечивается, 1, 0.03, 80.99
нужду, 1, 0.03, 81.02
нужд, 1, 0.03, 81.05
ночная, 1, 0.03, 81.08
нормы, 1, 0.03, 81.10
номере, 1, 0.03, 81.13
новых, 1, 0.03, 81.16
ничтожную, 1, 0.03, 81.18
никто, 1, 0.03, 81.21
никакого, 1, 0.03, 81.24
никакими, 1, 0.03, 81.27
низка—колеблется, 1, 0.03, 81.29
неутомимая, 1, 0.03, 81.32
неустанная, 1, 0.03, 81.35
неумолимое, 1, 0.03, 81.37
неудержимая, 1, 0.03, 81.40
несмотря, 1, 0.03, 81.43
неслыханных, 1, 0.03, 81.45
несколько, 1, 0.03, 81.48
нескольких, 1, 0.03, 81.51
неразвитой, 1, 0.03, 81.54
непримиримую, 1, 0.03, 81.56
непримиримой, 1, 0.03, 81.59
непосредственный, 1, 0.03, 81.62
неотложной, 1, 0.03, 81.64
неожиданной, 1, 0.03, 81.67
необычайно, 1, 0.03, 81.70
ненависть, 1, 0.03, 81.72
немыслимо, 1, 0.03, 81.75
немецкой, 1, 0.03, 81.78
немецкая, 1, 0.03, 81.81
незначительным, 1, 0.03, 81.83
независимой, 1, 0.03, 81.86
нежелательной, 1, 0.03, 81.89
недостаточно, 1, 0.03, 81.91
него, 1, 0.03, 81.94
невелик, 1, 0.03, 81.97
невежества, 1, 0.03, 82.00
наших, 1, 0.03, 82.02
нашим, 1, 0.03, 82.05
нашему, 1, 0.03, 82.08
нашей, 1, 0.03, 82.10
наше, 1, 0.03, 82.13
начиная, 1, 0.03, 82.16
начать, 1, 0.03, 82.18
начато, 1, 0.03, 82.21
началом, 1, 0.03, 82.24
начало, 1, 0.03, 82.27
начали, 1, 0.03, 82.29
начавших, 1, 0.03, 82.32
национализировали, 1, 0.03, 82.35
находит, 1, 0.03, 82.37
насчитываются, 1, 0.03, 82.40
насчитывали, 1, 0.03, 82.43
настроение, 1, 0.03, 82.45
настоящую, 1, 0.03, 82.48
настоящему, 1, 0.03, 82.51
настоящее, 1, 0.03, 82.54
нас, 1, 0.03, 82.56
нарушивших, 1, 0.03, 82.59
народом, 1, 0.03, 82.62
народным, 1, 0.03, 82.64
народное, 1, 0.03, 82.67
народ, 1, 0.03, 82.70
напряжения, 1, 0.03, 82.73
нападением, 1, 0.03, 82.75
наловчилась, 1, 0.03, 82.78
наконец, 1, 0.03, 82.81
называл, 1, 0.03, 82.83
назад, 1, 0.03, 82.86
наживе, 1, 0.03, 82.89
надежду, 1, 0.03, 82.91
надвигаются, 1, 0.03, 82.94
надвигается, 1, 0.03, 82.97
наблюдается, 1, 0.03, 83.00
мужчины, 1, 0.03, 83.02
мужчиною, 1, 0.03, 83.05
мужчине—чти, 1, 0.03, 83.08
мужчина, 1, 0.03, 83.10
мужчин, 1, 0.03, 83.13
мужской, 1, 0.03, 83.16
мужей, 1, 0.03, 83.18
мощную, 1, 0.03, 83.21
мотивируется, 1, 0.03, 83.24
можете, 1, 0.03, 83.27
могучем, 1, 0.03, 83.29
мнение—железная, 1, 0.03, 83.32
мне, 1, 0.03, 83.35
младенчества, 1, 0.03, 83.37
миру, 1, 0.03, 83.40
мировое, 1, 0.03, 83.43
мирного, 1, 0.03, 83.45
мир, 1, 0.03, 83.48
минимум, 1, 0.03, 83.51
минимальную, 1, 0.03, 83.54
миллионов, 1, 0.03, 83.56
механической, 1, 0.03, 83.59
механизма, 1, 0.03, 83.62
меры, 1, 0.03, 83.64
мертвого, 1, 0.03, 83.67
мерзавец, 1, 0.03, 83.70
меня, 1, 0.03, 83.73
меньшевичек, 1, 0.03, 83.75
мелкобуржуазного, 1, 0.03, 83.78
международную, 1, 0.03, 83.81
международное, 1, 0.03, 83.83
материнства, 1, 0.03, 83.86
матери, 1, 0.03, 83.89
мастерских, 1, 0.03, 83.91
массу, 1, 0.03, 83.94
массой, 1, 0.03, 83.97
массовых, 1, 0.03, 84.00
массе, 1, 0.03, 84.02
массах, 1, 0.03, 84.05
маршем, 1, 0.03, 84.08
марте, 1, 0.03, 84.10
максимальный, 1, 0.03, 84.13
максимальную, 1, 0.03, 84.16
мае, 1, 0.03, 84.18
ложью, 1, 0.03, 84.21
лишений, 1, 0.03, 84.24
лицу, 1, 0.03, 84.27
лицом, 1, 0.03, 84.29
лиц, 1, 0.03, 84.32
лихорадочная, 1, 0.03, 84.35
линиях, 1, 0.03, 84.37
лет—от, 1, 0.03, 84.40
летию, 1, 0.03, 84.43
лавок, 1, 0.03, 84.46
кухнях, 1, 0.03, 84.48
кухню, 1, 0.03, 84.51
куда, 1, 0.03, 84.54
кто, 1, 0.03, 84.56
кружки, 1, 0.03, 84.59
кругов, 1, 0.03, 84.62
круги, 1, 0.03, 84.64
кровью, 1, 0.03, 84.67
кровавом, 1, 0.03, 84.70
кризисы, 1, 0.03, 84.73
крестьянке, 1, 0.03, 84.75
крестьянам, 1, 0.03, 84.78
крепко, 1, 0.03, 84.81
крайняя, 1, 0.03, 84.83
которыми, 1, 0.03, 84.86
котором, 1, 0.03, 84.89
которого, 1, 0.03, 84.91
короля, 1, 0.03, 84.94
концу, 1, 0.03, 84.97
конце, 1, 0.03, 85.00
конфетном—до, 1, 0.03, 85.02
конференциях, 1, 0.03, 85.05
конференцию, 1, 0.03, 85.08
контрреволюционный, 1, 0.03, 85.10
контакт, 1, 0.03, 85.13
коммунистических, 1, 0.03, 85.16
коммунистическим, 1, 0.03, 85.19
коммунистические, 1, 0.03, 85.21
коммунистическая, 1, 0.03, 85.24
комиссия, 1, 0.03, 85.27
комиссию, 1, 0.03, 85.29
комиссии, 1, 0.03, 85.32
колесо, 1, 0.03, 85.35
кого, 1, 0.03, 85.37
книги, 1, 0.03, 85.40
клубычитальни, 1, 0.03, 85.43
классу, 1, 0.03, 85.46
классового, 1, 0.03, 85.48
квартиру, 1, 0.03, 85.51
капиталов, 1, 0.03, 85.54
капиталистов, 1, 0.03, 85.56
капиталистическом, 1, 0.03, 85.59
капиталистическое, 1, 0.03, 85.62
капиталистический, 1, 0.03, 85.64
капиталистически, 1, 0.03, 85.67
капиталистам, 1, 0.03, 85.70
капитализмом, 1, 0.03, 85.73
кампаний, 1, 0.03, 85.75
какую, 1, 0.03, 85.78
какие, 1, 0.03, 85.81
каждым, 1, 0.03, 85.83
каждый, 1, 0.03, 85.86
истинным, 1, 0.03, 85.89
испытания, 1, 0.03, 85.92
испытаний, 1, 0.03, 85.94
испугало, 1, 0.03, 85.97
использовать, 1, 0.03, 86.00
исполняющим, 1, 0.03, 86.02
исполнительным, 1, 0.03, 86.05
испанской, 1, 0.03, 86.08
исключением, 1, 0.03, 86.10
интернациональный, 1, 0.03, 86.13
интернационального, 1, 0.03, 86.16
интернационала, 1, 0.03, 86.19
интересовало, 1, 0.03, 86.21
иного, 1, 0.03, 86.24
инициативы, 1, 0.03, 86.27
инертного, 1, 0.03, 86.29
индустриального, 1, 0.03, 86.32
империалистическую, 1, 0.03, 86.35
империалистическом, 1, 0.03, 86.37
иметь, 1, 0.03, 86.40
именно:, 1, 0.03, 86.43
имело, 1, 0.03, 86.46
имели, 1, 0.03, 86.48
имеется, 1, 0.03, 86.51
изъеденный, 1, 0.03, 86.54
изменился, 1, 0.03, 86.56
издать, 1, 0.03, 86.59
издает, 1, 0.03, 86.62
известной, 1, 0.03, 86.65
избрала, 1, 0.03, 86.67
избирательных, 1, 0.03, 86.70
идут, 1, 0.03, 86.73
иди, 1, 0.03, 86.75
идею, 1, 0.03, 86.78
идей, 1, 0.03, 86.81
идее, 1, 0.03, 86.83
идеалу, 1, 0.03, 86.86
играли, 1, 0.03, 86.89
играет, 1, 0.03, 86.92
иго, 1, 0.03, 86.94
зрения, 1, 0.03, 86.97
значительный, 1, 0.03, 87.00
значительные, 1, 0.03, 87.02
значительны, 1, 0.03, 87.05
значения, 1, 0.03, 87.08
знай, 1, 0.03, 87.10
злоба, 1, 0.03, 87.13
заявить, 1, 0.03, 87.16
заявили, 1, 0.03, 87.19
защиту, 1, 0.03, 87.21
захвата, 1, 0.03, 87.24
затхлая, 1, 0.03, 87.27
застоявшееся, 1, 0.03, 87.29
заслужила, 1, 0.03, 87.32
заслуженное, 1, 0.03, 87.35
заработную, 1, 0.03, 87.37
заработной, 1, 0.03, 87.40
заработком, 1, 0.03, 87.43
зарабатывать, 1, 0.03, 87.46
зарабатывает, 1, 0.03, 87.48
запрещена, 1, 0.03, 87.51
западноевропейских, 1, 0.03, 87.54
занятых, 1, 0.03, 87.56
занятыми, 1, 0.03, 87.59
занятые, 1, 0.03, 87.62
занято, 1, 0.03, 87.65
занятий, 1, 0.03, 87.67
замуж»—рассуждает, 1, 0.03, 87.70
заметные, 1, 0.03, 87.73
заметное, 1, 0.03, 87.75
заменили, 1, 0.03, 87.78
залить, 1, 0.03, 87.81
закреплением, 1, 0.03, 87.83
закона, 1, 0.03, 87.86
заканчивались, 1, 0.03, 87.89
займет, 1, 0.03, 87.92
задушена, 1, 0.03, 87.94
задачу, 1, 0.03, 87.97
завоевать, 1, 0.03, 88.00
заводах, 1, 0.03, 88.02
забывала, 1, 0.03, 88.05
забастовкам, 1, 0.03, 88.08
журнал, 1, 0.03, 88.10
живейшее, 1, 0.03, 88.13
жены, 1, 0.03, 88.16
женщины—так, 1, 0.03, 88.19
женщинысоциалистки, 1, 0.03, 88.21
женщиныпролетарки, 1, 0.03, 88.24
женщиныпролетарии, 1, 0.03, 88.27
женщиныкоммунистки, 1, 0.03, 88.29
женщинпролетариев, 1, 0.03, 88.32
женщинборцов, 1, 0.03, 88.35
женщинамсоциалисткам, 1, 0.03, 88.38
женщинам, 1, 0.03, 88.40
женщин», 1, 0.03, 88.43
женском, 1, 0.03, 88.46
жалкая, 1, 0.03, 88.48
единодушно, 1, 0.03, 88.51
духа, 1, 0.03, 88.54
дурной, 1, 0.03, 88.56
думали, 1, 0.03, 88.59
дума, 1, 0.03, 88.62
другу—войну, 1, 0.03, 88.65
другом, 1, 0.03, 88.67
другой—буржуазии, 1, 0.03, 88.70
другая, 1, 0.03, 88.73
друга, 1, 0.03, 88.75
доходя, 1, 0.03, 88.78
доходит, 1, 0.03, 88.81
достойно, 1, 0.03, 88.83
достигшая, 1, 0.03, 88.86
достигнуть, 1, 0.03, 88.89
достигла, 1, 0.03, 88.92
достаточно, 1, 0.03, 88.94
дорогу, 1, 0.03, 88.97
дороговизны, 1, 0.03, 89.00
дороговизна, 1, 0.03, 89.02
должно, 1, 0.03, 89.05
должна, 1, 0.03, 89.08
добывание, 1, 0.03, 89.11
добиться, 1, 0.03, 89.13
добились, 1, 0.03, 89.16
днем, 1, 0.03, 89.19
дна, 1, 0.03, 89.21
длилась, 1, 0.03, 89.24
дисциплина, 1, 0.03, 89.27
дешевого, 1, 0.03, 89.29
детского, 1, 0.03, 89.32
детский, 1, 0.03, 89.35
дети, 1, 0.03, 89.38
детей, 1, 0.03, 89.40
десяток, 1, 0.03, 89.43
десятков, 1, 0.03, 89.46
десятки, 1, 0.03, 89.48
держат, 1, 0.03, 89.51
деревень, 1, 0.03, 89.54
демонстрации, 1, 0.03, 89.56
дележа, 1, 0.03, 89.59
делегации, 1, 0.03, 89.62
делегацией, 1, 0.03, 89.65
делегаткой, 1, 0.03, 89.67
делала, 1, 0.03, 89.70
делается, 1, 0.03, 89.73
декабре, 1, 0.03, 89.75
действия, 1, 0.03, 89.78
двухнедельный, 1, 0.03, 89.81
двух, 1, 0.03, 89.84
двойную, 1, 0.03, 89.86
движению, 1, 0.03, 89.89
движением, 1, 0.03, 89.92
двигал, 1, 0.03, 89.94
данных, 1, 0.03, 89.97
дальнейшую, 1, 0.03, 90.00
давала, 1, 0.03, 90.02
г—она, 1, 0.03, 90.05
грядущих, 1, 0.03, 90.08
группы, 1, 0.03, 90.11
грубой, 1, 0.03, 90.13
громадных, 1, 0.03, 90.16
громадную, 1, 0.03, 90.19
грандиозные, 1, 0.03, 90.21
грабежа, 1, 0.03, 90.24
государственная, 1, 0.03, 90.27
государства, 1, 0.03, 90.29
гостиницах, 1, 0.03, 90.32
горсточка, 1, 0.03, 90.35
городов, 1, 0.03, 90.38
городе—текстильная, 1, 0.03, 90.40
городах, 1, 0.03, 90.43
голосовали, 1, 0.03, 90.46
голосовала, 1, 0.03, 90.48
голосовал, 1, 0.03, 90.51
голодали, 1, 0.03, 90.54
голландской, 1, 0.03, 90.57
голландские, 1, 0.03, 90.59
голландки, 1, 0.03, 90.62
годы, 1, 0.03, 90.65
годах, 1, 0.03, 90.67
говорится, 1, 0.03, 90.70
говорит:, 1, 0.03, 90.73
говорила, 1, 0.03, 90.75
гнусное, 1, 0.03, 90.78
глубоким, 1, 0.03, 90.81
главных, 1, 0.03, 90.84
гигиенических, 1, 0.03, 90.86
героическими, 1, 0.03, 90.89
героически, 1, 0.03, 90.92
газету, 1, 0.03, 90.94
выявить, 1, 0.03, 90.97
вышли, 1, 0.03, 91.00
вышеупомянутые, 1, 0.03, 91.02
выступлениями, 1, 0.03, 91.05
выступил, 1, 0.03, 91.08
высокую, 1, 0.03, 91.11
высоко, 1, 0.03, 91.13
выручит, 1, 0.03, 91.16
вырвать, 1, 0.03, 91.19
вырастала, 1, 0.03, 91.21
выразить, 1, 0.03, 91.24
выразилось, 1, 0.03, 91.27
выраженной, 1, 0.03, 91.29
выработан, 1, 0.03, 91.32
выработал, 1, 0.03, 91.35
выпускаем, 1, 0.03, 91.38
выносили, 1, 0.03, 91.40
вынесла, 1, 0.03, 91.43
выковались, 1, 0.03, 91.46
выйду, 1, 0.03, 91.48
вызовет, 1, 0.03, 91.51
вызвало, 1, 0.03, 91.54
вызвал, 1, 0.03, 91.57
выгодного, 1, 0.03, 91.59
выборах, 1, 0.03, 91.62
входила, 1, 0.03, 91.65
втянуты, 1, 0.03, 91.67
втирать, 1, 0.03, 91.70
всякую, 1, 0.03, 91.73
всяком, 1, 0.03, 91.75
всякого, 1, 0.03, 91.78
всю, 1, 0.03, 91.81
вступают, 1, 0.03, 91.84
встретит, 1, 0.03, 91.86
вспоминаешь, 1, 0.03, 91.89
всколыхнула, 1, 0.03, 91.92
всем, 1, 0.03, 91.94
время—, 1, 0.03, 91.97
враг—капитализм, 1, 0.03, 92.00
врагом, 1, 0.03, 92.02
врагов, 1, 0.03, 92.05
впереди, 1, 0.03, 92.08
воюет, 1, 0.03, 92.11
воспрещено, 1, 0.03, 92.13
воскресеньям—церковь, 1, 0.03, 92.16
воскресенье, 1, 0.03, 92.19
вопросы, 1, 0.03, 92.21
вопросом, 1, 0.03, 92.24
вопрос:, 1, 0.03, 92.27
вопрос, 1, 0.03, 92.30
вообще, 1, 0.03, 92.32
волнением, 1, 0.03, 92.35
волна, 1, 0.03, 92.38
война—они, 1, 0.03, 92.40
войн, 1, 0.03, 92.43
возобновления, 1, 0.03, 92.46
вознаградит, 1, 0.03, 92.48
возлагается, 1, 0.03, 92.51
возбраняется, 1, 0.03, 92.54
вожди, 1, 0.03, 92.57
военного, 1, 0.03, 92.59
военная, 1, 0.03, 92.62
вовлечение, 1, 0.03, 92.65
вовлекать, 1, 0.03, 92.67
вниманию, 1, 0.03, 92.70
внимание, 1, 0.03, 92.73
внесла, 1, 0.03, 92.75
внесено, 1, 0.03, 92.78
внедрения, 1, 0.03, 92.81
вместо, 1, 0.03, 92.84
видят, 1, 0.03, 92.86
виду, 1, 0.03, 92.89
видах, 1, 0.03, 92.92
видать, 1, 0.03, 92.94
взялись, 1, 0.03, 92.97
вздорожание, 1, 0.03, 93.00
вещи:, 1, 0.03, 93.03
вещей, 1, 0.03, 93.05
вечера, 1, 0.03, 93.08
весь, 1, 0.03, 93.11
вероятно, 1, 0.03, 93.13
верные, 1, 0.03, 93.16
веришь—ходи, 1, 0.03, 93.19
великих, 1, 0.03, 93.21
велась, 1, 0.03, 93.24
вековечного, 1, 0.03, 93.27
везде, 1, 0.03, 93.30
ведут, 1, 0.03, 93.32
ведется, 1, 0.03, 93.35
вводится, 1, 0.03, 93.38
ваше, 1, 0.03, 93.40
ваш, 1, 0.03, 93.43
важные, 1, 0.03, 93.46
важность, 1, 0.03, 93.48
важная, 1, 0.03, 93.51
быстрой, 1, 0.03, 93.54
быстро, 1, 0.03, 93.57
буржуек, 1, 0.03, 93.59
буржуазок, 1, 0.03, 93.62
буржуазных, 1, 0.03, 93.65
буржуазный, 1, 0.03, 93.67
буржуазные, 1, 0.03, 93.70
буржуазного, 1, 0.03, 93.73
буржуазию, 1, 0.03, 93.76
будь, 1, 0.03, 93.78
брошюру, 1, 0.03, 93.81
бросить, 1, 0.03, 93.84
бросило, 1, 0.03, 93.86
братьев, 1, 0.03, 93.89
братоубийственной, 1, 0.03, 93.92
братомпролетарием, 1, 0.03, 93.94
бою, 1, 0.03, 93.97
борющегося, 1, 0.03, 94.00
борьба, 1, 0.03, 94.03
борцы, 1, 0.03, 94.05
борцом, 1, 0.03, 94.08
борцам, 1, 0.03, 94.11
большой, 1, 0.03, 94.13
большинством, 1, 0.03, 94.16
большинстве, 1, 0.03, 94.19
большевички, 1, 0.03, 94.21
большевистской, 1, 0.03, 94.24
больниц, 1, 0.03, 94.27
болото, 1, 0.03, 94.30
болезнью, 1, 0.03, 94.32
болгарские, 1, 0.03, 94.35
болгарская, 1, 0.03, 94.38
бойни, 1, 0.03, 94.40
бойне, 1, 0.03, 94.43
бойкотируют, 1, 0.03, 94.46
бога, 1, 0.03, 94.48
близко, 1, 0.03, 94.51
благоговением, 1, 0.03, 94.54
бессознательно, 1, 0.03, 94.57
беспрерывный, 1, 0.03, 94.59
бескормицы, 1, 0.03, 94.62
беременных, 1, 0.03, 94.65
белье, 1, 0.03, 94.67
белой, 1, 0.03, 94.70
безжалостную, 1, 0.03, 94.73
безграничная, 1, 0.03, 94.76
базельскую, 1, 0.03, 94.78
базельской, 1, 0.03, 94.81
аристократок, 1, 0.03, 94.84
апреля, 1, 0.03, 94.86
апреле, 1, 0.03, 94.89
англичанки, 1, 0.03, 94.92
английской, 1, 0.03, 94.94
английских, 1, 0.03, 94.97
английский, 1, 0.03, 95.00
анархия, 1, 0.03, 95.03
активной, 1, 0.03, 95.05
активное, 1, 0.03, 95.08
активно, 1, 0.03, 95.11
агитацию, 1, 0.03, 95.13
агитаторами, 1, 0.03, 95.16
автономного, 1, 0.03, 95.19
абоненток, 1, 0.03, 95.21
Я, 1, 0.03, 95.24
Югославской, 1, 0.03, 95.27
ЮгоСлавия, 1, 0.03, 95.30
Эта, 1, 0.03, 95.32
Швейцария, 1, 0.03, 95.35
Шаблин, 1, 0.03, 95.38
Число, 1, 0.03, 95.40
Через, 1, 0.03, 95.43
Чего, 1, 0.03, 95.46
Цюрихе, 1, 0.03, 95.49
Хотя, 1, 0.03, 95.51
Характерно, 1, 0.03, 95.54
Характер, 1, 0.03, 95.57
Франции, 1, 0.03, 95.59
Федеративная, 1, 0.03, 95.62
Уже, 1, 0.03, 95.65
У, 1, 0.03, 95.67
Тяжелые, 1, 0.03, 95.70
Трумглера, 1, 0.03, 95.73
Труд, 1, 0.03, 95.76
Троцкий, 1, 0.03, 95.78
Трехпрудвый, 1, 0.03, 95.81
Тредюнионы, 1, 0.03, 95.84
Топалович, 1, 0.03, 95.86
Такое, 1, 0.03, 95.89
Таково, 1, 0.03, 95.92
Счастливая, 1, 0.03, 95.94
Стройте, 1, 0.03, 95.97
Стоя, 1, 0.03, 96.00
Сталин, 1, 0.03, 96.03
Социалистки, 1, 0.03, 96.05
Социалистическая, 1, 0.03, 96.08
Согласно, 1, 0.03, 96.11
Совместно, 1, 0.03, 96.13
Советской, 1, 0.03, 96.16
Советская, 1, 0.03, 96.19
Со, 1, 0.03, 96.22
Сербия, 1, 0.03, 96.24
Сверчек, 1, 0.03, 96.27
Сборник, 1, 0.03, 96.30
Самая, 1, 0.03, 96.32
СТАТЕЙ, 1, 0.03, 96.35
СБОРНИК, 1, 0.03, 96.38
С, 1, 0.03, 96.40
Русская, 1, 0.03, 96.43
Российская, 1, 0.03, 96.46
Речь, 1, 0.03, 96.49
Республикой, 1, 0.03, 96.51
Республика, 1, 0.03, 96.54
Рассказ, 1, 0.03, 96.57
Развитие, 1, 0.03, 96.59
Равенство, 1, 0.03, 96.62
Рабочих, 1, 0.03, 96.65
Работницы, 1, 0.03, 96.67
Работай—говорит, 1, 0.03, 96.70
Прошло, 1, 0.03, 96.73
Пролетариат, 1, 0.03, 96.76
Производства, 1, 0.03, 96.78
Прожить, 1, 0.03, 96.81
Примкнувшие, 1, 0.03, 96.84
Предстоит, 1, 0.03, 96.86
Посредством, 1, 0.03, 96.89
Последовавшие, 1, 0.03, 96.92
После, 1, 0.03, 96.95
Помимо, 1, 0.03, 96.97
Положение, 1, 0.03, 97.00
Подарок, 1, 0.03, 97.03
Пионерами, 1, 0.03, 97.05
Печ, 1, 0.03, 97.08
Пестано, 1, 0.03, 97.11
Перед, 1, 0.03, 97.13
Он, 1, 0.03, 97.16
Около, 1, 0.03, 97.19
О, 1, 0.03, 97.22
Никто, 1, 0.03, 97.24
Нет, 1, 0.03, 97.27
Несмотря, 1, 0.03, 97.30
Немецкая, 1, 0.03, 97.32
Наша, 1, 0.03, 97.35
Началась, 1, 0.03, 97.38
Наиболее, 1, 0.03, 97.40
Навеянная, 1, 0.03, 97.43
Мэри, 1, 0.03, 97.46
Мы, 1, 0.03, 97.49
Мудрый, 1, 0.03, 97.51
Московской, 1, 0.03, 97.54
Московского, 1, 0.03, 97.57
Московских, 1, 0.03, 97.59
Моск, 1, 0.03, 97.62
Мориф, 1, 0.03, 97.65
Можно, 1, 0.03, 97.68
Много, 1, 0.03, 97.70
Многих, 1, 0.03, 97.73
Мировая, 1, 0.03, 97.76
Милкич, 1, 0.03, 97.78
Мижуев—Австралии, 1, 0.03, 97.81
Международное, 1, 0.03, 97.84
Международная, 1, 0.03, 97.86
МЕЖДУНАРОДНОЕ, 1, 0.03, 97.89
Либкнехт, 1, 0.03, 97.92
Л, 1, 0.03, 97.95
Крупская, 1, 0.03, 97.97
Крупные, 1, 0.03, 98.00
Кроация, 1, 0.03, 98.03
Кризис, 1, 0.03, 98.05
Красный, 1, 0.03, 98.08
Крайняя, 1, 0.03, 98.11
Конференция, 1, 0.03, 98.13
Коммунистический, 1, 0.03, 98.16
Когда, 1, 0.03, 98.19
Карл, 1, 0.03, 98.22
Капиталистическая, 1, 0.03, 98.24
Капитализм, 1, 0.03, 98.27
Как, 1, 0.03, 98.30
К, 1, 0.03, 98.32
Испания, 1, 0.03, 98.35
Испании;, 1, 0.03, 98.38
Издание, 1, 0.03, 98.40
Издается, 1, 0.03, 98.43
ИЗДАНИЕ, 1, 0.03, 98.46
Заработная, 1, 0.03, 98.49
З, 1, 0.03, 98.51
Живя, 1, 0.03, 98.54
Женщинысоциалистки, 1, 0.03, 98.57
Женщиныкоммунистки, 1, 0.03, 98.59
Женщине, 1, 0.03, 98.62
Женщина, 1, 0.03, 98.65
Женское, 1, 0.03, 98.68
Женский, 1, 0.03, 98.70
Женские, 1, 0.03, 98.73
ЖЕНСКОЕ, 1, 0.03, 98.76
Еще, 1, 0.03, 98.78
Другими, 1, 0.03, 98.81
Долг, 1, 0.03, 98.84
Делегат, 1, 0.03, 98.86
Девушки, 1, 0.03, 98.89
Далее, 1, 0.03, 98.92
ДВИЖЕНИЕ, 1, 0.03, 98.95
Губернского, 1, 0.03, 98.97
Губ, 1, 0.03, 99.00
Голосовать, 1, 0.03, 99.03
Германии, 1, 0.03, 99.05
Гарантию, 1, 0.03, 99.08
Г, 1, 0.03, 99.11
Вторая, 1, 0.03, 99.13
Вот, 1, 0.03, 99.16
Вольстенкрафт, 1, 0.03, 99.19
Волны, 1, 0.03, 99.22
Во, 1, 0.03, 99.24
Великие, 1, 0.03, 99.27
Ваша, 1, 0.03, 99.30
Ванька, 1, 0.03, 99.32
Была, 1, 0.03, 99.35
Буржуазные, 1, 0.03, 99.38
Буржуазия, 1, 0.03, 99.41
Будущность, 1, 0.03, 99.43
Босния, 1, 0.03, 99.46
Большевистская, 1, 0.03, 99.49
Более, 1, 0.03, 99.51
Болгарская, 1, 0.03, 99.54
Болгария, 1, 0.03, 99.57
Близок, 1, 0.03, 99.59
Белграде, 1, 0.03, 99.62
Барселоны, 1, 0.03, 99.65
Барселоне, 1, 0.03, 99.68
Анжел, 1, 0.03, 99.70
Алчность, 1, 0.03, 99.73
«счастливой, 1, 0.03, 99.76
«счастлива», 1, 0.03, 99.78
«защите, 1, 0.03, 99.81
«защита, 1, 0.03, 99.84
«После, 1, 0.03, 99.86
«Зачем, 1, 0.03, 99.89
«Застрельщица», 1, 0.03, 99.92
«Дорогой, 1, 0.03, 99.95
«В, 1, 0.03, 99.97
_”Пролетарии, 1, 0.03, 100.00
