word, count, percent, cum
the, 1609, 6.08, 6.08
and, 787, 2.98, 9.06
to, 710, 2.68, 11.74
a, 615, 2.33, 14.07
she, 532, 2.01, 16.08
of, 493, 1.86, 17.94
said, 452, 1.71, 19.65
it, 428, 1.62, 21.27
alice, 360, 1.36, 22.63
in, 353, 1.33, 23.97
was, 349, 1.32, 25.29
you, 295, 1.12, 26.40
i, 263, 0.99, 27.40
as, 254, 0.96, 28.36
her, 239, 0.90, 29.26
that, 230, 0.87, 30.13
at, 205, 0.78, 30.90
on, 178, 0.67, 31.58
had, 177, 0.67, 32.25
with, 174, 0.66, 32.90
all, 164, 0.62, 33.52
for, 141, 0.53, 34.06
very, 139, 0.53, 34.58
be, 139, 0.53, 35.11
so, 135, 0.51, 35.62
little, 125, 0.47, 36.09
‘i, 124, 0.47, 36.56
but, 124, 0.47, 37.03
this, 122, 0.46, 37.49
not, 121, 0.46, 37.95
they, 117, 0.44, 38.39
out, 112, 0.42, 38.81
he, 112, 0.42, 39.24
down, 96, 0.36, 39.60
his, 95, 0.36, 39.96
what, 93, 0.35, 40.31
about, 91, 0.34, 40.66
up, 90, 0.34, 41.00
one, 88, 0.33, 41.33
is, 88, 0.33, 41.66
were, 83, 0.31, 41.98
went, 83, 0.31, 42.29
herself, 79, 0.30, 42.59
would, 77, 0.29, 42.88
like, 77, 0.29, 43.17
have, 77, 0.29, 43.46
could, 77, 0.29, 43.75
when, 74, 0.28, 44.03
no, 73, 0.28, 44.31
if, 73, 0.28, 44.58
thought, 72, 0.27, 44.86
them, 72, 0.27, 45.13
or, 69, 0.26, 45.39
there, 67, 0.25, 45.64
into, 67, 0.25, 45.90
then, 66, 0.25, 46.15
queen, 64, 0.24, 46.39
again, 62, 0.23, 46.62
, 61, 0.23, 46.85
your, 60, 0.23, 47.08
time, 60, 0.23, 47.31
off, 60, 0.23, 47.53
know, 60, 0.23, 47.76
do, 60, 0.23, 47.99
see, 59, 0.22, 48.21
‘and, 57, 0.22, 48.43
its, 57, 0.22, 48.64
my, 56, 0.21, 48.85
mock, 56, 0.21, 49.06
by, 56, 0.21, 49.28
began, 56, 0.21, 49.49
an, 56, 0.21, 49.70
quite, 55, 0.21, 49.91
king, 55, 0.21, 50.12
who, 54, 0.20, 50.32
me, 54, 0.20, 50.52
did, 54, 0.20, 50.73
don’t, 53, 0.20, 50.93
their, 51, 0.19, 51.12
gryphon, 51, 0.19, 51.31
turtle, 50, 0.19, 51.50
some, 50, 0.19, 51.69
way, 49, 0.19, 51.88
just, 48, 0.18, 52.06
it’, 47, 0.18, 52.24
hatter, 47, 0.18, 52.41
how, 46, 0.17, 52.59
only, 45, 0.17, 52.76
looked, 45, 0.17, 52.93
got, 45, 0.17, 53.10
go, 45, 0.17, 53.27
which, 44, 0.17, 53.43
more, 44, 0.17, 53.60
voice, 43, 0.16, 53.76
must, 43, 0.16, 53.93
much, 43, 0.16, 54.09
get, 43, 0.16, 54.25
are, 43, 0.16, 54.41
say, 42, 0.16, 54.57
first, 42, 0.16, 54.73
think, 41, 0.16, 54.89
never, 41, 0.16, 55.04
‘you, 40, 0.15, 55.19
‘but, 40, 0.15, 55.34
thing, 40, 0.15, 55.50
such, 40, 0.15, 55.65
round, 40, 0.15, 55.80
rabbit, 40, 0.15, 55.95
came, 40, 0.15, 56.10
after, 40, 0.15, 56.25
head, 39, 0.15, 56.40
great, 39, 0.15, 56.55
been, 38, 0.14, 56.69
i’m, 37, 0.14, 56.83
any, 37, 0.14, 56.97
over, 36, 0.14, 57.11
‘what, 35, 0.13, 57.24
now, 35, 0.13, 57.37
back, 35, 0.13, 57.50
two, 34, 0.13, 57.63
mouse, 34, 0.13, 57.76
him, 34, 0.13, 57.89
tone, 33, 0.12, 58.01
other, 33, 0.12, 58.14
large, 33, 0.12, 58.26
dormouse, 33, 0.12, 58.39
before, 33, 0.12, 58.51
march, 32, 0.12, 58.63
from, 32, 0.12, 58.75
‘it, 31, 0.12, 58.87
well, 31, 0.12, 58.99
put, 31, 0.12, 59.11
long, 31, 0.12, 59.22
last, 31, 0.12, 59.34
it’s, 31, 0.12, 59.46
here, 31, 0.12, 59.58
can, 31, 0.12, 59.69
will, 30, 0.11, 59.81
made, 30, 0.11, 59.92
looking, 30, 0.11, 60.03
hare, 30, 0.11, 60.15
cat, 30, 0.11, 60.26
white, 29, 0.11, 60.37
tell, 29, 0.11, 60.48
next, 29, 0.11, 60.59
heard, 29, 0.11, 60.70
duchess, 29, 0.11, 60.81
might, 28, 0.11, 60.91
found, 28, 0.11, 61.02
come, 28, 0.11, 61.13
should, 27, 0.10, 61.23
seemed, 27, 0.10, 61.33
nothing, 27, 0.10, 61.43
moment, 27, 0.10, 61.53
look, 27, 0.10, 61.64
going, 27, 0.10, 61.74
door, 27, 0.10, 61.84
can’t, 27, 0.10, 61.94
upon, 26, 0.10, 62.04
that’, 26, 0.10, 62.14
poor, 26, 0.10, 62.24
once, 26, 0.10, 62.34
make, 26, 0.10, 62.43
caterpillar, 26, 0.10, 62.53
soon, 25, 0.09, 62.63
rather, 25, 0.09, 62.72
know’, 25, 0.09, 62.82
eyes, 25, 0.09, 62.91
without, 24, 0.09, 63.00
while, 24, 0.09, 63.09
took, 24, 0.09, 63.18
three, 24, 0.09, 63.27
right, 24, 0.09, 63.36
replied, 24, 0.09, 63.45
i’ll, 24, 0.09, 63.54
good, 24, 0.09, 63.64
‘well, 23, 0.09, 63.72
‘oh, 23, 0.09, 63.81
‘it’s, 23, 0.09, 63.90
than, 23, 0.09, 63.98
same, 23, 0.09, 64.07
felt, 23, 0.09, 64.16
added, 23, 0.09, 64.24
won’t, 22, 0.08, 64.33
too, 22, 0.08, 64.41
things, 22, 0.08, 64.49
shall, 22, 0.08, 64.58
another, 22, 0.08, 64.66
‘the, 21, 0.08, 64.74
‘if, 21, 0.08, 64.82
wish, 21, 0.08, 64.90
half, 21, 0.08, 64.98
getting, 21, 0.08, 65.06
dear, 21, 0.08, 65.14
away, 21, 0.08, 65.22
‘i’m, 20, 0.08, 65.29
minute, 20, 0.08, 65.37
i’ve, 20, 0.08, 65.44
find, 20, 0.08, 65.52
cried, 20, 0.08, 65.59
you’, 19, 0.07, 65.67
tried, 19, 0.07, 65.74
till, 19, 0.07, 65.81
take, 19, 0.07, 65.88
sure, 19, 0.07, 65.95
however, 19, 0.07, 66.03
even, 19, 0.07, 66.10
day, 19, 0.07, 66.17
being, 19, 0.07, 66.24
‘why, 18, 0.07, 66.31
use, 18, 0.07, 66.38
sort, 18, 0.07, 66.44
hand, 18, 0.07, 66.51
feet, 18, 0.07, 66.58
you’re, 17, 0.06, 66.65
why, 17, 0.06, 66.71
we, 17, 0.06, 66.77
that’s, 17, 0.06, 66.84
side, 17, 0.06, 66.90
sat, 17, 0.06, 66.97
house, 17, 0.06, 67.03
ever, 17, 0.06, 67.10
curious, 17, 0.06, 67.16
asked, 17, 0.06, 67.22
‘that’s, 16, 0.06, 67.28
‘that, 16, 0.06, 67.34
‘how, 16, 0.06, 67.41
under, 16, 0.06, 67.47
turned, 16, 0.06, 67.53
there’s, 16, 0.06, 67.59
table, 16, 0.06, 67.65
something, 16, 0.06, 67.71
old, 16, 0.06, 67.77
eat, 16, 0.06, 67.83
doesn’t, 16, 0.06, 67.89
course, 16, 0.06, 67.95
anything, 16, 0.06, 68.01
alice;, 16, 0.06, 68.07
‘come, 15, 0.06, 68.13
words, 15, 0.06, 68.18
wonder, 15, 0.06, 68.24
spoke, 15, 0.06, 68.30
ran, 15, 0.06, 68.35
oh, 15, 0.06, 68.41
near, 15, 0.06, 68.47
knew, 15, 0.06, 68.52
jury, 15, 0.06, 68.58
hastily, 15, 0.06, 68.64
gave, 15, 0.06, 68.69
end, 15, 0.06, 68.75
called, 15, 0.06, 68.81
am, 15, 0.06, 68.86
‘i’ve, 14, 0.05, 68.92
talking, 14, 0.05, 68.97
soup, 14, 0.05, 69.02
set, 14, 0.05, 69.08
saying, 14, 0.05, 69.13
saw, 14, 0.05, 69.18
question, 14, 0.05, 69.24
please, 14, 0.05, 69.29
ought, 14, 0.05, 69.34
me’, 14, 0.05, 69.39
low, 14, 0.05, 69.45
left, 14, 0.05, 69.50
itself, 14, 0.05, 69.55
idea, 14, 0.05, 69.61
hear, 14, 0.05, 69.66
face, 14, 0.05, 69.71
court, 14, 0.05, 69.76
both, 14, 0.05, 69.82
anxiously, 14, 0.05, 69.87
whole, 13, 0.05, 69.92
through, 13, 0.05, 69.97
these, 13, 0.05, 70.02
still, 13, 0.05, 70.07
seen, 13, 0.05, 70.12
now’, 13, 0.05, 70.17
let, 13, 0.05, 70.21
kept, 13, 0.05, 70.26
here’, 13, 0.05, 70.31
grow, 13, 0.05, 70.36
gone, 13, 0.05, 70.41
dodo, 13, 0.05, 70.46
cook, 13, 0.05, 70.51
close, 13, 0.05, 70.56
air, 13, 0.05, 70.61
‘then, 12, 0.05, 70.65
‘of, 12, 0.05, 70.70
yet, 12, 0.05, 70.74
wouldn’t, 12, 0.05, 70.79
used, 12, 0.05, 70.83
us, 12, 0.05, 70.88
turning, 12, 0.05, 70.93
trying, 12, 0.05, 70.97
try, 12, 0.05, 71.02
remember, 12, 0.05, 71.06
perhaps, 12, 0.05, 71.11
people, 12, 0.05, 71.15
may, 12, 0.05, 71.20
many, 12, 0.05, 71.24
hardly, 12, 0.05, 71.29
garden, 12, 0.05, 71.33
every, 12, 0.05, 71.38
enough, 12, 0.05, 71.42
done, 12, 0.05, 71.47
chapter, 12, 0.05, 71.51
bit, 12, 0.05, 71.56
best, 12, 0.05, 71.61
behind, 12, 0.05, 71.65
because, 12, 0.05, 71.70
beautiful, 12, 0.05, 71.74
arm, 12, 0.05, 71.79
among, 12, 0.05, 71.83
always, 12, 0.05, 71.88
alice’s, 12, 0.05, 71.92
again’, 12, 0.05, 71.97
‘we, 11, 0.04, 72.01
‘not, 11, 0.04, 72.05
‘no, 11, 0.04, 72.09
‘a, 11, 0.04, 72.14
whether, 11, 0.04, 72.18
wasn’t, 11, 0.04, 72.22
waited, 11, 0.04, 72.26
though, 11, 0.04, 72.30
then’, 11, 0.04, 72.34
them’, 11, 0.04, 72.38
tears, 11, 0.04, 72.43
talk, 11, 0.04, 72.47
suddenly, 11, 0.04, 72.51
speak, 11, 0.04, 72.55
silence, 11, 0.04, 72.59
room, 11, 0.04, 72.63
not’, 11, 0.04, 72.68
minutes, 11, 0.04, 72.72
makes, 11, 0.04, 72.76
hurried, 11, 0.04, 72.80
high, 11, 0.04, 72.84
hands, 11, 0.04, 72.88
glad, 11, 0.04, 72.93
didn’t, 11, 0.04, 72.97
deal, 11, 0.04, 73.01
dance, 11, 0.04, 73.05
change, 11, 0.04, 73.09
better, 11, 0.04, 73.13
beginning, 11, 0.04, 73.17
afraid, 11, 0.04, 73.22
yet’, 10, 0.04, 73.25
word, 10, 0.04, 73.29
where, 10, 0.04, 73.33
walked, 10, 0.04, 73.37
those, 10, 0.04, 73.41
think’, 10, 0.04, 73.44
thinking, 10, 0.04, 73.48
they’re, 10, 0.04, 73.52
soldiers, 10, 0.04, 73.56
small, 10, 0.04, 73.59
sitting, 10, 0.04, 73.63
rest, 10, 0.04, 73.67
repeated, 10, 0.04, 73.71
remark, 10, 0.04, 73.75
queer, 10, 0.04, 73.78
pool, 10, 0.04, 73.82
pigeon, 10, 0.04, 73.86
own, 10, 0.04, 73.90
opened, 10, 0.04, 73.93
on’, 10, 0.04, 73.97
nearly, 10, 0.04, 74.01
majesty’, 10, 0.04, 74.05
is’, 10, 0.04, 74.09
having, 10, 0.04, 74.12
growing, 10, 0.04, 74.16
game, 10, 0.04, 74.20
footman, 10, 0.04, 74.24
foot, 10, 0.04, 74.28
finished, 10, 0.04, 74.31
far, 10, 0.04, 74.35
fan, 10, 0.04, 74.39
everything, 10, 0.04, 74.43
else, 10, 0.04, 74.46
do’, 10, 0.04, 74.50
bottle, 10, 0.04, 74.54
‘yes, 9, 0.03, 74.57
‘they, 9, 0.03, 74.61
‘so, 9, 0.03, 74.64
‘now, 9, 0.03, 74.68
want, 9, 0.03, 74.71
thing’, 9, 0.03, 74.74
suppose, 9, 0.03, 74.78
shouted, 9, 0.03, 74.81
shook, 9, 0.03, 74.85
reason, 9, 0.03, 74.88
really, 9, 0.03, 74.91
read, 9, 0.03, 74.95
puzzled, 9, 0.03, 74.98
offended, 9, 0.03, 75.02
name, 9, 0.03, 75.05
mouth, 9, 0.03, 75.08
mad, 9, 0.03, 75.12
knave, 9, 0.03, 75.15
keep, 9, 0.03, 75.19
join, 9, 0.03, 75.22
it;, 9, 0.03, 75.25
it:, 9, 0.03, 75.29
help, 9, 0.03, 75.32
heads, 9, 0.03, 75.36
gloves, 9, 0.03, 75.39
give, 9, 0.03, 75.42
few, 9, 0.03, 75.46
dinah, 9, 0.03, 75.49
couldn’t, 9, 0.03, 75.53
conversation, 9, 0.03, 75.56
continued, 9, 0.03, 75.59
children, 9, 0.03, 75.63
cats, 9, 0.03, 75.66
birds, 9, 0.03, 75.70
bill, 9, 0.03, 75.73
baby, 9, 0.03, 75.76
ask, 9, 0.03, 75.80
against, 9, 0.03, 75.83
‘off, 8, 0.03, 75.86
‘in, 8, 0.03, 75.89
‘for, 8, 0.03, 75.92
‘do, 8, 0.03, 75.95
‘as, 8, 0.03, 75.98
you’d, 8, 0.03, 76.01
work, 8, 0.03, 76.04
waiting, 8, 0.03, 76.07
top, 8, 0.03, 76.10
time’, 8, 0.03, 76.14
tail, 8, 0.03, 76.17
slowly, 8, 0.03, 76.20
size, 8, 0.03, 76.23
seem, 8, 0.03, 76.26
sea, 8, 0.03, 76.29
say’, 8, 0.03, 76.32
running, 8, 0.03, 76.35
remarked, 8, 0.03, 76.38
ready, 8, 0.03, 76.41
play, 8, 0.03, 76.44
place, 8, 0.03, 76.47
party, 8, 0.03, 76.50
our, 8, 0.03, 76.53
opportunity, 8, 0.03, 76.56
noticed, 8, 0.03, 76.59
most, 8, 0.03, 76.62
meaning, 8, 0.03, 76.65
mean, 8, 0.03, 76.68
matter, 8, 0.03, 76.71
making, 8, 0.03, 76.74
lying, 8, 0.03, 76.77
live, 8, 0.03, 76.80
least, 8, 0.03, 76.83
key, 8, 0.03, 76.86
interrupted, 8, 0.03, 76.89
indeed’, 8, 0.03, 76.92
hurry, 8, 0.03, 76.95
hearts, 8, 0.03, 76.98
hard, 8, 0.03, 77.01
glass, 8, 0.03, 77.04
gardeners, 8, 0.03, 77.07
followed, 8, 0.03, 77.10
five, 8, 0.03, 77.13
feel, 8, 0.03, 77.16
explain, 8, 0.03, 77.19
either, 8, 0.03, 77.22
dry, 8, 0.03, 77.25
creatures, 8, 0.03, 77.28
changed, 8, 0.03, 77.31
certainly, 8, 0.03, 77.35
believe, 8, 0.03, 77.38
begin, 8, 0.03, 77.41
beg, 8, 0.03, 77.44
answer, 8, 0.03, 77.47
angrily, 8, 0.03, 77.50
all’, 8, 0.03, 77.53
“i, 7, 0.03, 77.55
‘there’s, 7, 0.03, 77.58
‘or, 7, 0.03, 77.61
‘he, 7, 0.03, 77.63
‘are, 7, 0.03, 77.66
world, 7, 0.03, 77.69
wondering, 7, 0.03, 77.71
turn, 7, 0.03, 77.74
trees, 7, 0.03, 77.76
tired, 7, 0.03, 77.79
timidly, 7, 0.03, 77.82
tea, 7, 0.03, 77.84
tarts, 7, 0.03, 77.87
surprised, 7, 0.03, 77.90
stood, 7, 0.03, 77.92
sister, 7, 0.03, 77.95
silent, 7, 0.03, 77.98
sight, 7, 0.03, 78.00
rate, 7, 0.03, 78.03
queen’s, 7, 0.03, 78.06
pleased, 7, 0.03, 78.08
open, 7, 0.03, 78.11
neck, 7, 0.03, 78.14
mushroom, 7, 0.03, 78.16
much’, 7, 0.03, 78.19
moral, 7, 0.03, 78.21
mind, 7, 0.03, 78.24
middle, 7, 0.03, 78.27
lory, 7, 0.03, 78.29
listen, 7, 0.03, 78.32
life, 7, 0.03, 78.35
leave, 7, 0.03, 78.37
i’d, 7, 0.03, 78.40
it’ll, 7, 0.03, 78.43
hedgehog, 7, 0.03, 78.45
head’, 7, 0.03, 78.48
haven’t, 7, 0.03, 78.51
has, 7, 0.03, 78.53
happened, 7, 0.03, 78.56
hall, 7, 0.03, 78.59
hadn’t, 7, 0.03, 78.61
grown, 7, 0.03, 78.64
golden, 7, 0.03, 78.66
goes, 7, 0.03, 78.69
generally, 7, 0.03, 78.72
frightened, 7, 0.03, 78.74
fall, 7, 0.03, 78.77
fact, 7, 0.03, 78.80
eagerly, 7, 0.03, 78.82
each, 7, 0.03, 78.85
distance, 7, 0.03, 78.88
deep, 7, 0.03, 78.90
course’, 7, 0.03, 78.93
coming, 7, 0.03, 78.96
bright, 7, 0.03, 78.98
be’, 7, 0.03, 79.01
asleep, 7, 0.03, 79.04
appeared, 7, 0.03, 79.06
alice:, 7, 0.03, 79.09
‘you’re, 6, 0.02, 79.11
‘who, 6, 0.02, 79.13
‘don’t, 6, 0.02, 79.16
yourself, 6, 0.02, 79.18
written, 6, 0.02, 79.20
wood, 6, 0.02, 79.22
watch, 6, 0.02, 79.25
understand, 6, 0.02, 79.27
trembling, 6, 0.02, 79.29
to’, 6, 0.02, 79.31
told, 6, 0.02, 79.34
times, 6, 0.02, 79.36
things’, 6, 0.02, 79.38
so’, 6, 0.02, 79.41
soooop, 6, 0.02, 79.43
song, 6, 0.02, 79.45
sneezing, 6, 0.02, 79.47
slates, 6, 0.02, 79.50
sit, 6, 0.02, 79.52
sharp, 6, 0.02, 79.54
roof, 6, 0.02, 79.56
repeat, 6, 0.02, 79.59
pepper, 6, 0.02, 79.61
others, 6, 0.02, 79.63
one’, 6, 0.02, 79.66
nose, 6, 0.02, 79.68
nobody, 6, 0.02, 79.70
nice, 6, 0.02, 79.72
melancholy, 6, 0.02, 79.75
marked, 6, 0.02, 79.77
manage, 6, 0.02, 79.79
loud, 6, 0.02, 79.81
lobsters, 6, 0.02, 79.84
like’, 6, 0.02, 79.86
learn, 6, 0.02, 79.88
larger, 6, 0.02, 79.90
kind, 6, 0.02, 79.93
isn’t, 6, 0.02, 79.95
indeed, 6, 0.02, 79.97
inches, 6, 0.02, 80.00
hold, 6, 0.02, 80.02
history, 6, 0.02, 80.04
hatter:, 6, 0.02, 80.06
happen, 6, 0.02, 80.09
hair, 6, 0.02, 80.11
full, 6, 0.02, 80.13
four, 6, 0.02, 80.15
forgotten, 6, 0.02, 80.18
fell, 6, 0.02, 80.20
feeling, 6, 0.02, 80.22
exclaimed, 6, 0.02, 80.24
exactly, 6, 0.02, 80.27
everybody, 6, 0.02, 80.29
ear, 6, 0.02, 80.31
dreadfully, 6, 0.02, 80.34
does, 6, 0.02, 80.36
different, 6, 0.02, 80.38
chin, 6, 0.02, 80.40
cheshire, 6, 0.02, 80.43
broken, 6, 0.02, 80.45
between, 6, 0.02, 80.47
begun, 6, 0.02, 80.49
arms, 6, 0.02, 80.52
almost, 6, 0.02, 80.54
again:, 6, 0.02, 80.56
‘would, 5, 0.02, 80.58
‘when, 5, 0.02, 80.60
‘to, 5, 0.02, 80.62
‘one, 5, 0.02, 80.64
‘i’ll, 5, 0.02, 80.66
you’ve, 5, 0.02, 80.68
young, 5, 0.02, 80.69
write, 5, 0.02, 80.71
witness’, 5, 0.02, 80.73
witness, 5, 0.02, 80.75
window, 5, 0.02, 80.77
whispered, 5, 0.02, 80.79
what’, 5, 0.02, 80.81
well’, 5, 0.02, 80.83
waving, 5, 0.02, 80.85
was’, 5, 0.02, 80.87
walking, 5, 0.02, 80.88
up’, 5, 0.02, 80.90
trouble, 5, 0.02, 80.92
trial, 5, 0.02, 80.94
tree, 5, 0.02, 80.96
tone:, 5, 0.02, 80.98
together, 5, 0.02, 81.00
ten, 5, 0.02, 81.02
taking, 5, 0.02, 81.04
swam, 5, 0.02, 81.05
surprise, 5, 0.02, 81.07
sudden, 5, 0.02, 81.09
subject, 5, 0.02, 81.11
strange, 5, 0.02, 81.13
stop, 5, 0.02, 81.15
stand, 5, 0.02, 81.17
speaking, 5, 0.02, 81.19
sounded, 5, 0.02, 81.21
sometimes, 5, 0.02, 81.22
somebody, 5, 0.02, 81.24
sleep, 5, 0.02, 81.26
simple, 5, 0.02, 81.28
sighed, 5, 0.02, 81.30
shut, 5, 0.02, 81.32
shrill, 5, 0.02, 81.34
shriek, 5, 0.02, 81.36
shouldn’t, 5, 0.02, 81.38
shoes, 5, 0.02, 81.39
shan’t, 5, 0.02, 81.41
seven, 5, 0.02, 81.43
sentence, 5, 0.02, 81.45
right’, 5, 0.02, 81.47
reply, 5, 0.02, 81.49
remembered, 5, 0.02, 81.51
quietly, 5, 0.02, 81.53
puppy, 5, 0.02, 81.55
pig, 5, 0.02, 81.56
piece, 5, 0.02, 81.58
pardon’, 5, 0.02, 81.60
pair, 5, 0.02, 81.62
pack, 5, 0.02, 81.64
often, 5, 0.02, 81.66
number, 5, 0.02, 81.68
notice, 5, 0.02, 81.70
new, 5, 0.02, 81.72
nervous, 5, 0.02, 81.73
nearer, 5, 0.02, 81.75
moved, 5, 0.02, 81.77
mad’, 5, 0.02, 81.79
lobster, 5, 0.02, 81.81
lizard, 5, 0.02, 81.83
liked, 5, 0.02, 81.85
lessons, 5, 0.02, 81.87
leaves, 5, 0.02, 81.89
knee, 5, 0.02, 81.90
kid, 5, 0.02, 81.92
jumped, 5, 0.02, 81.94
interesting, 5, 0.02, 81.96
instantly, 5, 0.02, 81.98
hot, 5, 0.02, 82.00
hookah, 5, 0.02, 82.02
himself, 5, 0.02, 82.04
her:, 5, 0.02, 82.06
height, 5, 0.02, 82.07
finish, 5, 0.02, 82.09
fetch, 5, 0.02, 82.11
father, 5, 0.02, 82.13
fancy, 5, 0.02, 82.15
faces, 5, 0.02, 82.17
eye, 5, 0.02, 82.19
executed, 5, 0.02, 82.21
dropped, 5, 0.02, 82.23
drew, 5, 0.02, 82.25
dream, 5, 0.02, 82.26
draw, 5, 0.02, 82.28
dear’, 5, 0.02, 82.30
dare, 5, 0.02, 82.32
cut, 5, 0.02, 82.34
curiosity, 5, 0.02, 82.36
crowded, 5, 0.02, 82.38
confusion, 5, 0.02, 82.40
chorus, 5, 0.02, 82.42
call, 5, 0.02, 82.43
breadandbutter, 5, 0.02, 82.45
book, 5, 0.02, 82.47
become, 5, 0.02, 82.49
asking, 5, 0.02, 82.51
angry, 5, 0.02, 82.53
along, 5, 0.02, 82.55
adventures, 5, 0.02, 82.57
across, 5, 0.02, 82.59
‘yes’, 4, 0.02, 82.60
‘why’, 4, 0.02, 82.62
‘which, 4, 0.02, 82.63
‘very, 4, 0.02, 82.65
‘there, 4, 0.02, 82.66
‘sure, 4, 0.02, 82.68
‘she, 4, 0.02, 82.69
‘please, 4, 0.02, 82.71
‘only, 4, 0.02, 82.72
‘i’d, 4, 0.02, 82.74
‘is, 4, 0.02, 82.75
‘call, 4, 0.02, 82.77
‘ah, 4, 0.02, 82.78
you’ll, 4, 0.02, 82.80
yourself’, 4, 0.02, 82.81
yer, 4, 0.02, 82.83
wrong, 4, 0.02, 82.84
writing, 4, 0.02, 82.86
worth, 4, 0.02, 82.87
words:, 4, 0.02, 82.89
with’, 4, 0.02, 82.90
whiting’, 4, 0.02, 82.92
whiting, 4, 0.02, 82.93
water, 4, 0.02, 82.95
wanted, 4, 0.02, 82.96
walk, 4, 0.02, 82.98
violently, 4, 0.02, 82.99
ventured, 4, 0.02, 83.01
vanished, 4, 0.02, 83.02
usual, 4, 0.02, 83.04
until, 4, 0.02, 83.05
uncomfortable, 4, 0.02, 83.07
twinkling, 4, 0.02, 83.08
twinkle, 4, 0.02, 83.10
twice, 4, 0.02, 83.11
twelve, 4, 0.02, 83.13
tiny, 4, 0.02, 83.14
this:, 4, 0.02, 83.16
they’ll, 4, 0.02, 83.18
tea’, 4, 0.02, 83.19
taught, 4, 0.02, 83.21
taken, 4, 0.02, 83.22
suppressed, 4, 0.02, 83.24
story’, 4, 0.02, 83.25
story, 4, 0.02, 83.27
stick, 4, 0.02, 83.28
stay, 4, 0.02, 83.30
sounds, 4, 0.02, 83.31
sound, 4, 0.02, 83.33
solemnly, 4, 0.02, 83.34
sobs, 4, 0.02, 83.36
sleepy, 4, 0.02, 83.37
sky, 4, 0.02, 83.39
sir, 4, 0.02, 83.40
sing, 4, 0.02, 83.42
since, 4, 0.02, 83.43
sides, 4, 0.02, 83.45
shrinking, 4, 0.02, 83.46
shoulders, 4, 0.02, 83.48
shoulder, 4, 0.02, 83.49
short, 4, 0.02, 83.51
she’s, 4, 0.02, 83.52
severely, 4, 0.02, 83.54
several, 4, 0.02, 83.55
seems, 4, 0.02, 83.57
second, 4, 0.02, 83.58
sea’, 4, 0.02, 83.60
screamed, 4, 0.02, 83.61
school, 4, 0.02, 83.63
says, 4, 0.02, 83.64
said’, 4, 0.02, 83.66
sadly, 4, 0.02, 83.67
run, 4, 0.02, 83.69
reach, 4, 0.02, 83.70
puzzling, 4, 0.02, 83.72
procession, 4, 0.02, 83.73
politely, 4, 0.02, 83.75
pointing, 4, 0.02, 83.76
pocket, 4, 0.02, 83.78
players, 4, 0.02, 83.80
pictures, 4, 0.02, 83.81
perfectly, 4, 0.02, 83.83
paws, 4, 0.02, 83.84
passed, 4, 0.02, 83.86
paper, 4, 0.02, 83.87
pale, 4, 0.02, 83.89
off’, 4, 0.02, 83.90
nonsense’, 4, 0.02, 83.92
none, 4, 0.02, 83.93
nine, 4, 0.02, 83.95
myself, 4, 0.02, 83.96
morning, 4, 0.02, 83.98
mine, 4, 0.02, 83.99
meant, 4, 0.02, 84.01
managed, 4, 0.02, 84.02
mabel, 4, 0.02, 84.04
likely, 4, 0.02, 84.05
lessons’, 4, 0.02, 84.07
led, 4, 0.02, 84.08
lay, 4, 0.02, 84.10
late, 4, 0.02, 84.11
kitchen, 4, 0.02, 84.13
jurymen, 4, 0.02, 84.14
jumping, 4, 0.02, 84.16
i’, 4, 0.02, 84.17
in’, 4, 0.02, 84.19
indignantly, 4, 0.02, 84.20
hours, 4, 0.02, 84.22
herself;, 4, 0.02, 84.23
held, 4, 0.02, 84.25
hearing, 4, 0.02, 84.26
grunted, 4, 0.02, 84.28
grin, 4, 0.02, 84.29
green, 4, 0.02, 84.31
grass, 4, 0.02, 84.32
frowning, 4, 0.02, 84.34
flamingo, 4, 0.02, 84.35
first’, 4, 0.02, 84.37
finger, 4, 0.02, 84.39
fear, 4, 0.02, 84.40
fast, 4, 0.02, 84.42
fallen, 4, 0.02, 84.43
executioner, 4, 0.02, 84.45
except, 4, 0.02, 84.46
evidence, 4, 0.02, 84.48
eggs, 4, 0.02, 84.49
earth, 4, 0.02, 84.51
ears, 4, 0.02, 84.52
duchess;, 4, 0.02, 84.54
duchess:, 4, 0.02, 84.55
drink, 4, 0.02, 84.57
down’, 4, 0.02, 84.58
dish, 4, 0.02, 84.60
difficulty, 4, 0.02, 84.61
did’, 4, 0.02, 84.63
deeply, 4, 0.02, 84.64
decidedly, 4, 0.02, 84.66
dead, 4, 0.02, 84.67
day’, 4, 0.02, 84.69
crowd, 4, 0.02, 84.70
creature, 4, 0.02, 84.72
confused, 4, 0.02, 84.73
chimney, 4, 0.02, 84.75
child’, 4, 0.02, 84.76
child, 4, 0.02, 84.78
chance, 4, 0.02, 84.79
case, 4, 0.02, 84.81
carried, 4, 0.02, 84.82
care, 4, 0.02, 84.84
capital, 4, 0.02, 84.85
business’, 4, 0.02, 84.87
busily, 4, 0.02, 84.88
box, 4, 0.02, 84.90
bowed, 4, 0.02, 84.91
bottom, 4, 0.02, 84.93
bit’, 4, 0.02, 84.94
begin’, 4, 0.02, 84.96
begins, 4, 0.02, 84.97
before’, 4, 0.02, 84.99
beauootiful, 4, 0.02, 85.01
beat, 4, 0.02, 85.02
argument, 4, 0.02, 85.04
arches, 4, 0.02, 85.05
answered, 4, 0.02, 85.07
animals, 4, 0.02, 85.08
altogether, 4, 0.02, 85.10
aloud, 4, 0.02, 85.11
alas, 4, 0.02, 85.13
age, 4, 0.02, 85.14
“you, 3, 0.01, 85.15
‘what’s, 3, 0.01, 85.16
‘this, 3, 0.01, 85.18
‘they’re, 3, 0.01, 85.19
‘thank, 3, 0.01, 85.20
‘she’s, 3, 0.01, 85.21
‘really, 3, 0.01, 85.22
‘perhaps, 3, 0.01, 85.23
‘nothing, 3, 0.01, 85.24
‘let, 3, 0.01, 85.25
‘just, 3, 0.01, 85.27
‘hold, 3, 0.01, 85.28
‘have, 3, 0.01, 85.29
‘give, 3, 0.01, 85.30
‘em, 3, 0.01, 85.31
‘drink, 3, 0.01, 85.32
‘did, 3, 0.01, 85.33
‘consider, 3, 0.01, 85.35
‘because, 3, 0.01, 85.36
‘at, 3, 0.01, 85.37
‘all, 3, 0.01, 85.38
youth’, 3, 0.01, 85.39
youth, 3, 0.01, 85.40
yesterday, 3, 0.01, 85.41
wrote, 3, 0.01, 85.42
worse, 3, 0.01, 85.44
wonder’, 3, 0.01, 85.45
wonderland, 3, 0.01, 85.46
window’, 3, 0.01, 85.47
william, 3, 0.01, 85.48
whisper, 3, 0.01, 85.49
watching, 3, 0.01, 85.50
verse’, 3, 0.01, 85.52
verses, 3, 0.01, 85.53
verdict’, 3, 0.01, 85.54
venture, 3, 0.01, 85.55
upset, 3, 0.01, 85.56
unfortunate, 3, 0.01, 85.57
turtle:, 3, 0.01, 85.58
turns, 3, 0.01, 85.59
tucked, 3, 0.01, 85.61
trumpet, 3, 0.01, 85.62
trial’s, 3, 0.01, 85.63
tossing, 3, 0.01, 85.64
timid, 3, 0.01, 85.65
throw, 3, 0.01, 85.66
thoughtfully, 3, 0.01, 85.67
this’, 3, 0.01, 85.69
they’d, 3, 0.01, 85.70
that:, 3, 0.01, 85.71
temper, 3, 0.01, 85.72
teacup, 3, 0.01, 85.73
tale, 3, 0.01, 85.74
tails, 3, 0.01, 85.75
swim, 3, 0.01, 85.77
suppose’, 3, 0.01, 85.78
sulky, 3, 0.01, 85.79
suit, 3, 0.01, 85.80
succeeded, 3, 0.01, 85.81
stopped, 3, 0.01, 85.82
staring, 3, 0.01, 85.83
spread, 3, 0.01, 85.84
speech, 3, 0.01, 85.86
spectacles, 3, 0.01, 85.87
soup’, 3, 0.01, 85.88
sorts, 3, 0.01, 85.89
solemn, 3, 0.01, 85.90
snail, 3, 0.01, 85.91
smaller, 3, 0.01, 85.92
slipped, 3, 0.01, 85.94
size:, 3, 0.01, 85.95
sir’, 3, 0.01, 85.96
sighing, 3, 0.01, 85.97
show, 3, 0.01, 85.98
shore, 3, 0.01, 85.99
she’ll, 3, 0.01, 86.00
sharply, 3, 0.01, 86.01
shaking, 3, 0.01, 86.03
settled, 3, 0.01, 86.04
serpent’, 3, 0.01, 86.05
serpents, 3, 0.01, 86.06
serpent, 3, 0.01, 86.07
sense, 3, 0.01, 86.08
see’, 3, 0.01, 86.09
see:, 3, 0.01, 86.11
savage, 3, 0.01, 86.12
said:, 3, 0.01, 86.13
rules, 3, 0.01, 86.14
rule, 3, 0.01, 86.15
rosetree, 3, 0.01, 86.16
replied;, 3, 0.01, 86.17
repeating, 3, 0.01, 86.18
remarking, 3, 0.01, 86.20
remained, 3, 0.01, 86.21
real, 3, 0.01, 86.22
reading, 3, 0.01, 86.23
rabbit’s, 3, 0.01, 86.24
rabbithole, 3, 0.01, 86.25
questions, 3, 0.01, 86.26
queen’, 3, 0.01, 86.28
quadrille, 3, 0.01, 86.29
putting, 3, 0.01, 86.30
proper, 3, 0.01, 86.31
prizes’, 3, 0.01, 86.32
pressed, 3, 0.01, 86.33
possibly, 3, 0.01, 86.34
pleaded, 3, 0.01, 86.35
plate, 3, 0.01, 86.37
pig’, 3, 0.01, 86.38
pieces, 3, 0.01, 86.39
picked, 3, 0.01, 86.40
person, 3, 0.01, 86.41
peeped, 3, 0.01, 86.42
paw, 3, 0.01, 86.43
pattering, 3, 0.01, 86.45
passion, 3, 0.01, 86.46
passage, 3, 0.01, 86.47
panther, 3, 0.01, 86.48
o’clock, 3, 0.01, 86.49
owl, 3, 0.01, 86.50
over’, 3, 0.01, 86.51
outoftheway, 3, 0.01, 86.53
otherwise, 3, 0.01, 86.54
other:, 3, 0.01, 86.55
ordered, 3, 0.01, 86.56
opening, 3, 0.01, 86.57
old’, 3, 0.01, 86.58
of’, 3, 0.01, 86.59
officers, 3, 0.01, 86.60
obliged, 3, 0.01, 86.62
nursing, 3, 0.01, 86.63
notion, 3, 0.01, 86.64
noise, 3, 0.01, 86.65
night, 3, 0.01, 86.66
nibbling, 3, 0.01, 86.67
needn’t, 3, 0.01, 86.68
natural, 3, 0.01, 86.70
m’, 3, 0.01, 86.71
myself’, 3, 0.01, 86.72
muttering, 3, 0.01, 86.73
moving, 3, 0.01, 86.74
move, 3, 0.01, 86.75
miss, 3, 0.01, 86.76
mine’, 3, 0.01, 86.77
mind’, 3, 0.01, 86.79
miles, 3, 0.01, 86.80
mice, 3, 0.01, 86.81
met, 3, 0.01, 86.82
mentioned, 3, 0.01, 86.83
means, 3, 0.01, 86.84
master, 3, 0.01, 86.85
mary, 3, 0.01, 86.87
man, 3, 0.01, 86.88
love, 3, 0.01, 86.89
loudly, 3, 0.01, 86.90
lived, 3, 0.01, 86.91
list, 3, 0.01, 86.92
life’, 3, 0.01, 86.93
let’s, 3, 0.01, 86.94
letter, 3, 0.01, 86.96
less, 3, 0.01, 86.97
legs, 3, 0.01, 86.98
later, 3, 0.01, 86.99
knowledge, 3, 0.01, 87.00
king;, 3, 0.01, 87.01
kick, 3, 0.01, 87.02
jurybox, 3, 0.01, 87.04
jurors, 3, 0.01, 87.05
judge, 3, 0.01, 87.06
instance, 3, 0.01, 87.07
impossible, 3, 0.01, 87.08
important, 3, 0.01, 87.09
immediately, 3, 0.01, 87.10
hurt, 3, 0.01, 87.11
hunting, 3, 0.01, 87.13
hungry, 3, 0.01, 87.14
howling, 3, 0.01, 87.15
hoping, 3, 0.01, 87.16
hope, 3, 0.01, 87.17
holding, 3, 0.01, 87.18
hoarse, 3, 0.01, 87.19
him’, 3, 0.01, 87.21
him:, 3, 0.01, 87.22
high:, 3, 0.01, 87.23
hers, 3, 0.01, 87.24
her;, 3, 0.01, 87.25
happens, 3, 0.01, 87.26
hanging, 3, 0.01, 87.27
handed, 3, 0.01, 87.28
guineapigs, 3, 0.01, 87.30
guests, 3, 0.01, 87.31
guessed, 3, 0.01, 87.32
guess, 3, 0.01, 87.33
gryphon:, 3, 0.01, 87.34
growl, 3, 0.01, 87.35
ground, 3, 0.01, 87.36
gravely, 3, 0.01, 87.38
grave, 3, 0.01, 87.39
grand, 3, 0.01, 87.40
girls, 3, 0.01, 87.41
girl, 3, 0.01, 87.42
gently, 3, 0.01, 87.43
general, 3, 0.01, 87.44
fur, 3, 0.01, 87.46
funny, 3, 0.01, 87.47
friend, 3, 0.01, 87.48
french, 3, 0.01, 87.49
free, 3, 0.01, 87.50
for’, 3, 0.01, 87.51
forgetting, 3, 0.01, 87.52
fond, 3, 0.01, 87.53
folded, 3, 0.01, 87.55
fish, 3, 0.01, 87.56
fire, 3, 0.01, 87.57
finding, 3, 0.01, 87.58
filled, 3, 0.01, 87.59
expecting, 3, 0.01, 87.60
evidence’, 3, 0.01, 87.61
enough’, 3, 0.01, 87.63
english, 3, 0.01, 87.64
eeevening, 3, 0.01, 87.65
edge, 3, 0.01, 87.66
easily, 3, 0.01, 87.67
eaglet, 3, 0.01, 87.68
eager, 3, 0.01, 87.69
duck, 3, 0.01, 87.70
duchess’s, 3, 0.01, 87.72
doubt, 3, 0.01, 87.73
doth, 3, 0.01, 87.74
dormouse’, 3, 0.01, 87.75
done’, 3, 0.01, 87.76
doing, 3, 0.01, 87.77
directions, 3, 0.01, 87.78
direction, 3, 0.01, 87.80
digging, 3, 0.01, 87.81
different’, 3, 0.01, 87.82
didn’t’, 3, 0.01, 87.83
delight, 3, 0.01, 87.84
decided, 3, 0.01, 87.85
dears, 3, 0.01, 87.86
days, 3, 0.01, 87.87
dark, 3, 0.01, 87.89
cry, 3, 0.01, 87.90
crown, 3, 0.01, 87.91
crossed, 3, 0.01, 87.92
croquet’, 3, 0.01, 87.93
croquetground, 3, 0.01, 87.94
croquet, 3, 0.01, 87.95
crab, 3, 0.01, 87.97
courage, 3, 0.01, 87.98
corner, 3, 0.01, 87.99
considering, 3, 0.01, 88.00
considered, 3, 0.01, 88.01
civil, 3, 0.01, 88.02
choked, 3, 0.01, 88.03
cheered, 3, 0.01, 88.04
checked, 3, 0.01, 88.06
certainly’, 3, 0.01, 88.07
certain, 3, 0.01, 88.08
cause, 3, 0.01, 88.09
caught, 3, 0.01, 88.10
cats’, 3, 0.01, 88.11
catch, 3, 0.01, 88.12
carefully, 3, 0.01, 88.14
candle, 3, 0.01, 88.15
cake, 3, 0.01, 88.16
business, 3, 0.01, 88.17
brought, 3, 0.01, 88.18
bringing, 3, 0.01, 88.19
breath, 3, 0.01, 88.20
boots, 3, 0.01, 88.22
bill’s, 3, 0.01, 88.23
bill’, 3, 0.01, 88.24
besides, 3, 0.01, 88.25
bats, 3, 0.01, 88.26
away’, 3, 0.01, 88.27
around, 3, 0.01, 88.28
anxious, 3, 0.01, 88.29
ann, 3, 0.01, 88.31
alone, 3, 0.01, 88.32
above, 3, 0.01, 88.33
“what, 2, 0.01, 88.34
“there, 2, 0.01, 88.34
“i’ll, 2, 0.01, 88.35
“it”, 2, 0.01, 88.36
“how, 2, 0.01, 88.37
“come, 2, 0.01, 88.37
‘’tis, 2, 0.01, 88.38
‘you’ll, 2, 0.01, 88.39
‘you’d, 2, 0.01, 88.40
‘your, 2, 0.01, 88.40
‘wow, 2, 0.01, 88.41
‘where’s, 2, 0.01, 88.42
‘wake, 2, 0.01, 88.43
‘unimportant, 2, 0.01, 88.43
‘two, 2, 0.01, 88.44
‘turn, 2, 0.01, 88.45
‘treacle’, 2, 0.01, 88.46
‘tis, 2, 0.01, 88.46
‘till, 2, 0.01, 88.47
‘tell, 2, 0.01, 88.48
‘take, 2, 0.01, 88.49
‘suppose, 2, 0.01, 88.49
‘stupid, 2, 0.01, 88.50
‘speak, 2, 0.01, 88.51
‘sit, 2, 0.01, 88.52
‘shall, 2, 0.01, 88.53
‘poison’, 2, 0.01, 88.53
‘no’, 2, 0.01, 88.54
‘nobody, 2, 0.01, 88.55
‘my, 2, 0.01, 88.56
‘lives, 2, 0.01, 88.56
‘let’s, 2, 0.01, 88.57
‘leave, 2, 0.01, 88.58
‘here, 2, 0.01, 88.59
‘go, 2, 0.01, 88.59
‘get, 2, 0.01, 88.60
‘found, 2, 0.01, 88.61
‘fetch, 2, 0.01, 88.62
‘explain, 2, 0.01, 88.62
‘exactly, 2, 0.01, 88.63
‘everybody, 2, 0.01, 88.64
‘does, 2, 0.01, 88.65
‘change, 2, 0.01, 88.65
‘beautiful, 2, 0.01, 88.66
‘after, 2, 0.01, 88.67
year, 2, 0.01, 88.68
yawning, 2, 0.01, 88.68
yawned, 2, 0.01, 88.69
wretched, 2, 0.01, 88.70
wow’, 2, 0.01, 88.71
wow, 2, 0.01, 88.71
words’, 2, 0.01, 88.72
won’t’, 2, 0.01, 88.73
wonderful, 2, 0.01, 88.74
wise, 2, 0.01, 88.74
wink, 2, 0.01, 88.75
wine’, 2, 0.01, 88.76
wind, 2, 0.01, 88.77
william’, 2, 0.01, 88.77
wildly, 2, 0.01, 88.78
wild, 2, 0.01, 88.79
wide, 2, 0.01, 88.80
whose, 2, 0.01, 88.80
whiskers, 2, 0.01, 88.81
where’, 2, 0.01, 88.82
wherever, 2, 0.01, 88.83
what’s, 2, 0.01, 88.84
whatever’, 2, 0.01, 88.84
we’ve, 2, 0.01, 88.85
wet, 2, 0.01, 88.86
were’, 2, 0.01, 88.87
week, 2, 0.01, 88.87
weak, 2, 0.01, 88.88
way’, 2, 0.01, 88.89
watch’, 2, 0.01, 88.90
watched, 2, 0.01, 88.90
wasting, 2, 0.01, 88.91
wash, 2, 0.01, 88.92
was:, 2, 0.01, 88.93
wants, 2, 0.01, 88.93
wandering, 2, 0.01, 88.94
wandered, 2, 0.01, 88.95
waistcoatpocket, 2, 0.01, 88.96
voices, 2, 0.01, 88.96
voice;, 2, 0.01, 88.97
voice:, 2, 0.01, 88.98
violent, 2, 0.01, 88.99
usually, 2, 0.01, 88.99
using, 2, 0.01, 89.00
useful, 2, 0.01, 89.01
unrolled, 2, 0.01, 89.02
unpleasant, 2, 0.01, 89.02
unhappy, 2, 0.01, 89.03
unfolded, 2, 0.01, 89.04
uneasily, 2, 0.01, 89.05
undertone, 2, 0.01, 89.05
twist, 2, 0.01, 89.06
turtle’s, 2, 0.01, 89.07
turtles, 2, 0.01, 89.08
tumbling, 2, 0.01, 89.08
trying’, 2, 0.01, 89.09
trotting, 2, 0.01, 89.10
triumphantly, 2, 0.01, 89.11
trembled, 2, 0.01, 89.11
treading, 2, 0.01, 89.12
treacle, 2, 0.01, 89.13
tortoise, 2, 0.01, 89.14
too’, 2, 0.01, 89.15
tongue’, 2, 0.01, 89.15
tongue, 2, 0.01, 89.16
tones, 2, 0.01, 89.17
tone;, 2, 0.01, 89.18
together’, 2, 0.01, 89.18
toes’, 2, 0.01, 89.19
today’, 2, 0.01, 89.20
today, 2, 0.01, 89.21
tiptoe, 2, 0.01, 89.21
thump, 2, 0.01, 89.22
throwing, 2, 0.01, 89.23
throat’, 2, 0.01, 89.24
threw, 2, 0.01, 89.24
threelegged, 2, 0.01, 89.25
thousand, 2, 0.01, 89.26
thoughts, 2, 0.01, 89.27
thoroughly, 2, 0.01, 89.27
thistle, 2, 0.01, 89.28
this;, 2, 0.01, 89.29
thimble, 2, 0.01, 89.30
there’, 2, 0.01, 89.30
themselves, 2, 0.01, 89.31
themand, 2, 0.01, 89.32
temper’, 2, 0.01, 89.33
tells, 2, 0.01, 89.33
telling, 2, 0.01, 89.34
telescope, 2, 0.01, 89.35
teatime, 2, 0.01, 89.36
teaparty, 2, 0.01, 89.36
teacups, 2, 0.01, 89.37
tasted, 2, 0.01, 89.38
taste, 2, 0.01, 89.39
taller, 2, 0.01, 89.39
talk’, 2, 0.01, 89.40
takes, 2, 0.01, 89.41
swimming, 2, 0.01, 89.42
sun, 2, 0.01, 89.42
summer, 2, 0.01, 89.43
sulkily, 2, 0.01, 89.44
suddenly:, 2, 0.01, 89.45
stupid, 2, 0.01, 89.46
stuff, 2, 0.01, 89.46
struck, 2, 0.01, 89.47
stretching, 2, 0.01, 89.48
stretched, 2, 0.01, 89.49
straight, 2, 0.01, 89.49
stoop, 2, 0.01, 89.50
stole, 2, 0.01, 89.51
stirring, 2, 0.01, 89.52
startled, 2, 0.01, 89.52
started, 2, 0.01, 89.53
stamping, 2, 0.01, 89.54
stairs, 2, 0.01, 89.55
squeaking, 2, 0.01, 89.55
splashing, 2, 0.01, 89.56
sort’, 2, 0.01, 89.57
sorrowful, 2, 0.01, 89.58
sooner, 2, 0.01, 89.58
somewhere’, 2, 0.01, 89.59
sobbing, 2, 0.01, 89.60
sneeze, 2, 0.01, 89.61
snatch, 2, 0.01, 89.61
smoking, 2, 0.01, 89.62
smiling, 2, 0.01, 89.63
smiled, 2, 0.01, 89.64
smallest, 2, 0.01, 89.64
slate, 2, 0.01, 89.65
six, 2, 0.01, 89.66
sing’, 2, 0.01, 89.67
singing, 2, 0.01, 89.67
singers, 2, 0.01, 89.68
simply, 2, 0.01, 89.69
signed, 2, 0.01, 89.70
sight:, 2, 0.01, 89.70
sigh:, 2, 0.01, 89.71
sigh, 2, 0.01, 89.72
shutting, 2, 0.01, 89.73
showing, 2, 0.01, 89.73
shower, 2, 0.01, 89.74
shouting, 2, 0.01, 89.75
shoes’, 2, 0.01, 89.76
shaped, 2, 0.01, 89.77
sent, 2, 0.01, 89.77
sensation, 2, 0.01, 89.78
sending, 2, 0.01, 89.79
secondly, 2, 0.01, 89.80
scroll, 2, 0.01, 89.80
scream, 2, 0.01, 89.81
sang, 2, 0.01, 89.82
salt, 2, 0.01, 89.83
said;, 2, 0.01, 89.83
safe, 2, 0.01, 89.84
sad, 2, 0.01, 89.85
rush, 2, 0.01, 89.86
rubbing, 2, 0.01, 89.86
royal, 2, 0.01, 89.87
row, 2, 0.01, 89.88
roses, 2, 0.01, 89.89
room’, 2, 0.01, 89.89
ringlets, 2, 0.01, 89.90
ring, 2, 0.01, 89.91
righthand, 2, 0.01, 89.92
returned, 2, 0.01, 89.92
resting, 2, 0.01, 89.93
replied:, 2, 0.01, 89.94
removed’, 2, 0.01, 89.95
remember’, 2, 0.01, 89.95
remarks, 2, 0.01, 89.96
remarkable, 2, 0.01, 89.97
relief, 2, 0.01, 89.98
regular, 2, 0.01, 89.98
red, 2, 0.01, 89.99
recovered, 2, 0.01, 90.00
raving, 2, 0.01, 90.01
rattling, 2, 0.01, 90.01
raised, 2, 0.01, 90.02
race, 2, 0.01, 90.03
quiet, 2, 0.01, 90.04
quickly, 2, 0.01, 90.04
quick, 2, 0.01, 90.05
question’, 2, 0.01, 90.06
quarrelling, 2, 0.01, 90.07
purring, 2, 0.01, 90.08
proves, 2, 0.01, 90.08
proved, 2, 0.01, 90.09
proud, 2, 0.01, 90.10
presents, 2, 0.01, 90.11
presently, 2, 0.01, 90.11
pray, 2, 0.01, 90.12
position, 2, 0.01, 90.13
porpoise, 2, 0.01, 90.14
plenty, 2, 0.01, 90.14
pleasure, 2, 0.01, 90.15
playing, 2, 0.01, 90.16
plates, 2, 0.01, 90.17
plan’, 2, 0.01, 90.17
plan, 2, 0.01, 90.18
pity, 2, 0.01, 90.19
pinched, 2, 0.01, 90.20
pinch, 2, 0.01, 90.20
pigs, 2, 0.01, 90.21
pigeon;, 2, 0.01, 90.22
picking, 2, 0.01, 90.23
personal, 2, 0.01, 90.23
persisted, 2, 0.01, 90.24
perhaps’, 2, 0.01, 90.25
pennyworth, 2, 0.01, 90.26
pebbles, 2, 0.01, 90.26
patiently, 2, 0.01, 90.27
pat, 2, 0.01, 90.28
particular, 2, 0.01, 90.29
paris, 2, 0.01, 90.29
parchment, 2, 0.01, 90.30
panting, 2, 0.01, 90.31
painting, 2, 0.01, 90.32
outside’, 2, 0.01, 90.32
outside, 2, 0.01, 90.33
other;, 2, 0.01, 90.34
ornamented, 2, 0.01, 90.35
ordering, 2, 0.01, 90.36
order, 2, 0.01, 90.36
one;, 2, 0.01, 90.37
once’, 2, 0.01, 90.38
on:, 2, 0.01, 90.39
older, 2, 0.01, 90.39
offer, 2, 0.01, 90.40
occurred, 2, 0.01, 90.41
nurse, 2, 0.01, 90.42
nowhere, 2, 0.01, 90.42
notebook, 2, 0.01, 90.43
nor, 2, 0.01, 90.44
nonsense, 2, 0.01, 90.45
nicely, 2, 0.01, 90.45
nibbled, 2, 0.01, 90.46
never’, 2, 0.01, 90.47
neither, 2, 0.01, 90.48
neatly, 2, 0.01, 90.48
narrow, 2, 0.01, 90.49
muttered, 2, 0.01, 90.50
mustard, 2, 0.01, 90.51
music’, 2, 0.01, 90.51
mouths, 2, 0.01, 90.52
mouse’, 2, 0.01, 90.53
more’, 2, 0.01, 90.54
morcar, 2, 0.01, 90.54
month, 2, 0.01, 90.55
moment’s, 2, 0.01, 90.56
mixed, 2, 0.01, 90.57
mistake, 2, 0.01, 90.57
missed, 2, 0.01, 90.58
miserable, 2, 0.01, 90.59
mile, 2, 0.01, 90.60
messages, 2, 0.01, 90.60
merely, 2, 0.01, 90.61
mercia, 2, 0.01, 90.62
meet, 2, 0.01, 90.63
mean’, 2, 0.01, 90.63
matters, 2, 0.01, 90.64
mark, 2, 0.01, 90.65
man’, 2, 0.01, 90.66
manner, 2, 0.01, 90.67
majesty, 2, 0.01, 90.67
luckily, 2, 0.01, 90.68
lovely, 2, 0.01, 90.69
lost, 2, 0.01, 90.70
longitude, 2, 0.01, 90.70
longer, 2, 0.01, 90.71
longed, 2, 0.01, 90.72
lonely, 2, 0.01, 90.73
locks, 2, 0.01, 90.73
lives, 2, 0.01, 90.74
livery, 2, 0.01, 90.75
little’, 2, 0.01, 90.76
listening, 2, 0.01, 90.76
lie, 2, 0.01, 90.77
lefthand, 2, 0.01, 90.78
learnt, 2, 0.01, 90.79
learning, 2, 0.01, 90.79
leaning, 2, 0.01, 90.80
laughed, 2, 0.01, 90.81
latitude, 2, 0.01, 90.82
late’, 2, 0.01, 90.82
lasted, 2, 0.01, 90.83
lap, 2, 0.01, 90.84
laid, 2, 0.01, 90.85
lady, 2, 0.01, 90.85
label, 2, 0.01, 90.86
knows, 2, 0.01, 90.87
knowing, 2, 0.01, 90.88
knocking’, 2, 0.01, 90.88
knife, 2, 0.01, 90.89
king’s, 2, 0.01, 90.90
king:, 2, 0.01, 90.91
kindly, 2, 0.01, 90.91
keeping, 2, 0.01, 90.92
joined, 2, 0.01, 90.93
jar, 2, 0.01, 90.94
invitation, 2, 0.01, 90.94
introduce, 2, 0.01, 90.95
interrupting, 2, 0.01, 90.96
instead, 2, 0.01, 90.97
inside, 2, 0.01, 90.98
indeed:, 2, 0.01, 90.98
impatiently:, 2, 0.01, 90.99
impatiently, 2, 0.01, 91.00
imagine, 2, 0.01, 91.01
ill’, 2, 0.01, 91.01
hush’, 2, 0.01, 91.02
hurry;, 2, 0.01, 91.03
hurriedly, 2, 0.01, 91.04
hour, 2, 0.01, 91.04
honour’, 2, 0.01, 91.05
home’, 2, 0.01, 91.06
home, 2, 0.01, 91.07
hit, 2, 0.01, 91.07
high’, 2, 0.01, 91.08
hedgehogs, 2, 0.01, 91.09
heavy, 2, 0.01, 91.10
heart, 2, 0.01, 91.10
hasn’t, 2, 0.01, 91.11
halfpast, 2, 0.01, 91.12
guineapig, 2, 0.01, 91.13
grin’, 2, 0.01, 91.13
grinned, 2, 0.01, 91.14
go’, 2, 0.01, 91.15
goose, 2, 0.01, 91.16
goldfish, 2, 0.01, 91.16
giving, 2, 0.01, 91.17
giddy’, 2, 0.01, 91.18
game’, 2, 0.01, 91.19
further, 2, 0.01, 91.19
fun’, 2, 0.01, 91.20
front, 2, 0.01, 91.21
from’, 2, 0.01, 91.22
fright, 2, 0.01, 91.22
friends, 2, 0.01, 91.23
fountains, 2, 0.01, 91.24
forgot, 2, 0.01, 91.25
forget, 2, 0.01, 91.25
forehead, 2, 0.01, 91.26
footsteps, 2, 0.01, 91.27
follows, 2, 0.01, 91.28
follow, 2, 0.01, 91.29
fly, 2, 0.01, 91.29
flowers, 2, 0.01, 91.30
floor, 2, 0.01, 91.31
flat, 2, 0.01, 91.32
fit, 2, 0.01, 91.32
fishfootman, 2, 0.01, 91.33
first;, 2, 0.01, 91.34
finished’, 2, 0.01, 91.35
fine, 2, 0.01, 91.35
figure’, 2, 0.01, 91.36
fight, 2, 0.01, 91.37
ferrets, 2, 0.01, 91.38
fellow’, 2, 0.01, 91.38
fellow, 2, 0.01, 91.39
feelings, 2, 0.01, 91.40
feeble, 2, 0.01, 91.41
faster, 2, 0.01, 91.41
far’, 2, 0.01, 91.42
fancied, 2, 0.01, 91.43
falling, 2, 0.01, 91.44
eye;, 2, 0.01, 91.44
extraordinary, 2, 0.01, 91.45
executions, 2, 0.01, 91.46
excellent, 2, 0.01, 91.47
ever’, 2, 0.01, 91.47
evening, 2, 0.01, 91.48
escape, 2, 0.01, 91.49
entirely, 2, 0.01, 91.50
entangled, 2, 0.01, 91.50
enough;, 2, 0.01, 91.51
english’, 2, 0.01, 91.52
end’, 2, 0.01, 91.53
encouraging, 2, 0.01, 91.53
elbow, 2, 0.01, 91.54
effect, 2, 0.01, 91.55
editions, 2, 0.01, 91.56
easy, 2, 0.01, 91.56
earnestly, 2, 0.01, 91.57
earls, 2, 0.01, 91.58
dull, 2, 0.01, 91.59
duchess’, 2, 0.01, 91.60
drunk, 2, 0.01, 91.60
draw’, 2, 0.01, 91.61
doubtful, 2, 0.01, 91.62
dormouse;, 2, 0.01, 91.63
doors, 2, 0.01, 91.63
doing’, 2, 0.01, 91.64
dogs’, 2, 0.01, 91.65
dog, 2, 0.01, 91.66
do:, 2, 0.01, 91.66
distant, 2, 0.01, 91.67
dispute, 2, 0.01, 91.68
dishes, 2, 0.01, 91.69
directly, 2, 0.01, 91.69
direction’, 2, 0.01, 91.70
directed, 2, 0.01, 91.71
dipped, 2, 0.01, 91.72
difficult, 2, 0.01, 91.72
deny, 2, 0.01, 91.73
denied, 2, 0.01, 91.74
delightful, 2, 0.01, 91.75
delighted, 2, 0.01, 91.75
declare, 2, 0.01, 91.76
custody, 2, 0.01, 91.77
curled, 2, 0.01, 91.78
curious’, 2, 0.01, 91.78
cupboards, 2, 0.01, 91.79
crying, 2, 0.01, 91.80
crumbs’, 2, 0.01, 91.81
crossexamine, 2, 0.01, 91.81
crimson, 2, 0.01, 91.82
crash, 2, 0.01, 91.83
court’, 2, 0.01, 91.84
cool, 2, 0.01, 91.84
contemptuously, 2, 0.01, 91.85
constant, 2, 0.01, 91.86
confusing, 2, 0.01, 91.87
conclusion, 2, 0.01, 91.87
concluded, 2, 0.01, 91.88
comes, 2, 0.01, 91.89
collected, 2, 0.01, 91.90
coaxing, 2, 0.01, 91.91
closed, 2, 0.01, 91.91
clock, 2, 0.01, 91.92
clear, 2, 0.01, 91.93
claws, 2, 0.01, 91.94
changing, 2, 0.01, 91.94
changes, 2, 0.01, 91.95
certainly:, 2, 0.01, 91.96
cautiously, 2, 0.01, 91.97
caused, 2, 0.01, 91.97
cauldron, 2, 0.01, 91.98
caucusrace’, 2, 0.01, 91.99
cat’s, 2, 0.01, 92.00
cat’, 2, 0.01, 92.00
catching, 2, 0.01, 92.01
cat:, 2, 0.01, 92.02
carrying, 2, 0.01, 92.03
cares, 2, 0.01, 92.03
can’, 2, 0.01, 92.04
cakes, 2, 0.01, 92.05
butter, 2, 0.01, 92.06
busy, 2, 0.01, 92.06
burn, 2, 0.01, 92.07
brown, 2, 0.01, 92.08
broke, 2, 0.01, 92.09
bring, 2, 0.01, 92.09
brightened, 2, 0.01, 92.10
break, 2, 0.01, 92.11
branches, 2, 0.01, 92.12
boy, 2, 0.01, 92.12
book’, 2, 0.01, 92.13
body, 2, 0.01, 92.14
blow, 2, 0.01, 92.15
blew, 2, 0.01, 92.15
blasts, 2, 0.01, 92.16
better’, 2, 0.01, 92.17
bend, 2, 0.01, 92.18
below, 2, 0.01, 92.18
belongs, 2, 0.01, 92.19
beheaded’, 2, 0.01, 92.20
beginning’, 2, 0.01, 92.21
began:, 2, 0.01, 92.22
became, 2, 0.01, 92.22
beautifully, 2, 0.01, 92.23
beating, 2, 0.01, 92.24
beasts, 2, 0.01, 92.25
bat, 2, 0.01, 92.25
barrowful, 2, 0.01, 92.26
bark, 2, 0.01, 92.27
bank, 2, 0.01, 92.28
bad, 2, 0.01, 92.28
back’, 2, 0.01, 92.29
authority, 2, 0.01, 92.30
attending, 2, 0.01, 92.31
atom, 2, 0.01, 92.31
assembled, 2, 0.01, 92.32
ashamed, 2, 0.01, 92.33
are’, 2, 0.01, 92.34
archbishop, 2, 0.01, 92.34
apples, 2, 0.01, 92.35
appear, 2, 0.01, 92.36
anything;, 2, 0.01, 92.37
anger, 2, 0.01, 92.37
andoh, 2, 0.01, 92.38
also, 2, 0.01, 92.39
already, 2, 0.01, 92.40
allow, 2, 0.01, 92.40
all;, 2, 0.01, 92.41
all:, 2, 0.01, 92.42
alarm, 2, 0.01, 92.43
agree, 2, 0.01, 92.43
again;, 2, 0.01, 92.44
advice, 2, 0.01, 92.45
advantage, 2, 0.01, 92.46
advance, 2, 0.01, 92.46
addressed, 2, 0.01, 92.47
accident, 2, 0.01, 92.48
absurd, 2, 0.01, 92.49
about’, 2, 0.01, 92.49
_i_, 2, 0.01, 92.50
“‘tis, 1, 0.00, 92.51
“with, 1, 0.00, 92.51
“william, 1, 0.00, 92.51
“who, 1, 0.00, 92.52
“up, 1, 0.00, 92.52
“uglification”’, 1, 0.00, 92.53
“twinkle, 1, 0.00, 92.53
“turtle, 1, 0.00, 92.53
“too, 1, 0.00, 92.54
“they, 1, 0.00, 92.54
“there’s, 1, 0.00, 92.54
“such, 1, 0.00, 92.55
“said, 1, 0.00, 92.55
“purpose”’, 1, 0.00, 92.56
“poison”, 1, 0.00, 92.56
“much, 1, 0.00, 92.56
“let, 1, 0.00, 92.57
“keep, 1, 0.00, 92.57
“he’s, 1, 0.00, 92.57
“french, 1, 0.00, 92.58
“edwin, 1, 0.00, 92.58
“coming, 1, 0.00, 92.59
‘“will, 1, 0.00, 92.59
‘“what, 1, 0.00, 92.59
‘“we, 1, 0.00, 92.60
‘“miss, 1, 0.00, 92.60
‘“found, 1, 0.00, 92.60
‘you’ve, 1, 0.00, 92.61
‘you’, 1, 0.00, 92.61
‘write, 1, 0.00, 92.62
‘wouldn’t, 1, 0.00, 92.62
‘without, 1, 0.00, 92.62
‘with, 1, 0.00, 92.63
‘who’s, 1, 0.00, 92.63
‘whoever, 1, 0.00, 92.63
‘where, 1, 0.00, 92.64
‘whenever, 1, 0.00, 92.64
‘we’re, 1, 0.00, 92.65
‘well’, 1, 0.00, 92.65
‘was, 1, 0.00, 92.65
‘w, 1, 0.00, 92.66
‘very’, 1, 0.00, 92.66
‘up, 1, 0.00, 92.67
‘until, 1, 0.00, 92.67
‘unless, 1, 0.00, 92.67
‘unimportant’, 1, 0.00, 92.68
‘ugh’, 1, 0.00, 92.68
‘twinkle, 1, 0.00, 92.68
‘twentyfour, 1, 0.00, 92.69
‘tut, 1, 0.00, 92.69
‘three, 1, 0.00, 92.70
‘thinking, 1, 0.00, 92.70
‘they’d, 1, 0.00, 92.70
‘theyyou’ve, 1, 0.00, 92.71
‘their, 1, 0.00, 92.71
‘than, 1, 0.00, 92.71
‘ten, 1, 0.00, 92.72
‘talking, 1, 0.00, 92.72
‘swim, 1, 0.00, 92.73
‘stupid’, 1, 0.00, 92.73
‘stuff, 1, 0.00, 92.73
‘stolen’, 1, 0.00, 92.74
‘stand, 1, 0.00, 92.74
‘soooop, 1, 0.00, 92.74
‘somebody, 1, 0.00, 92.75
‘some, 1, 0.00, 92.75
‘soles, 1, 0.00, 92.76
‘sixteenth’, 1, 0.00, 92.76
‘silence’, 1, 0.00, 92.76
‘silence, 1, 0.00, 92.77
‘shy, 1, 0.00, 92.77
‘she’d, 1, 0.00, 92.77
‘shan’t’, 1, 0.00, 92.78
‘sh, 1, 0.00, 92.78
‘seven, 1, 0.00, 92.79
‘serpent’, 1, 0.00, 92.79
‘serpent, 1, 0.00, 92.79
‘sentence, 1, 0.00, 92.80
‘seals, 1, 0.00, 92.80
‘same, 1, 0.00, 92.81
‘rule, 1, 0.00, 92.81
‘right, 1, 0.00, 92.81
‘repeat, 1, 0.00, 92.82
‘reeling, 1, 0.00, 92.82
‘read, 1, 0.00, 92.82
‘prizes, 1, 0.00, 92.83
‘pray, 1, 0.00, 92.83
‘poor, 1, 0.00, 92.84
‘pepper, 1, 0.00, 92.84
‘ou, 1, 0.00, 92.84
‘orange, 1, 0.00, 92.85
‘once’, 1, 0.00, 92.85
‘once, 1, 0.00, 92.85
‘on, 1, 0.00, 92.86
‘o, 1, 0.00, 92.86
‘nothing’, 1, 0.00, 92.87
‘nor, 1, 0.00, 92.87
‘nonsense’, 1, 0.00, 92.87
‘nine, 1, 0.00, 92.88
‘never’, 1, 0.00, 92.88
‘never, 1, 0.00, 92.88
‘nearly, 1, 0.00, 92.89
‘mystery, 1, 0.00, 92.89
‘mouse, 1, 0.00, 92.90
‘moral’, 1, 0.00, 92.90
‘mine, 1, 0.00, 92.90
‘may, 1, 0.00, 92.91
‘mary, 1, 0.00, 92.91
‘look, 1, 0.00, 92.91
‘living, 1, 0.00, 92.92
‘likely, 1, 0.00, 92.92
‘keep, 1, 0.00, 92.93
‘jurymen’, 1, 0.00, 92.93
‘it’sit’s, 1, 0.00, 92.93
‘it’ll, 1, 0.00, 92.94
‘important’, 1, 0.00, 92.94
‘importantunimportantunimportantimportant’, 1, 0.00, 92.94
‘ii’m, 1, 0.00, 92.95
‘ii, 1, 0.00, 92.95
‘idiot’, 1, 0.00, 92.96
‘hush, 1, 0.00, 92.96
‘however, 1, 0.00, 92.96
‘hm, 1, 0.00, 92.97
‘hjckrrh’, 1, 0.00, 92.97
‘his, 1, 0.00, 92.98
‘he’s, 1, 0.00, 92.98
‘here’, 1, 0.00, 92.98
‘herald, 1, 0.00, 92.99
‘hand, 1, 0.00, 92.99
‘hadn’t, 1, 0.00, 92.99
‘fury, 1, 0.00, 93.00
‘from, 1, 0.00, 93.00
‘fourteenth, 1, 0.00, 93.01
‘flamingoes, 1, 0.00, 93.01
‘first, 1, 0.00, 93.01
‘fifteenth’, 1, 0.00, 93.02
‘explanations, 1, 0.00, 93.02
‘everything’s, 1, 0.00, 93.02
‘either, 1, 0.00, 93.03
‘eat, 1, 0.00, 93.03
‘each, 1, 0.00, 93.04
‘drive, 1, 0.00, 93.04
‘dinah’s, 1, 0.00, 93.04
‘dinah’ll, 1, 0.00, 93.05
‘digging, 1, 0.00, 93.05
‘dear, 1, 0.00, 93.05
‘curiouser, 1, 0.00, 93.06
‘crumbs, 1, 0.00, 93.06
‘creatures’, 1, 0.00, 93.07
‘collar, 1, 0.00, 93.07
‘chorus, 1, 0.00, 93.07
‘chop, 1, 0.00, 93.08
‘cheshire, 1, 0.00, 93.08
‘certainly, 1, 0.00, 93.08
‘can’t, 1, 0.00, 93.09
‘can, 1, 0.00, 93.09
‘bythebye, 1, 0.00, 93.10
‘bring, 1, 0.00, 93.10
‘boots, 1, 0.00, 93.10
‘besides, 1, 0.00, 93.11
‘behead, 1, 0.00, 93.11
‘begin, 1, 0.00, 93.12
‘back, 1, 0.00, 93.12
‘arrum’, 1, 0.00, 93.12
‘anything, 1, 0.00, 93.13
‘any, 1, 0.00, 93.13
‘an, 1, 0.00, 93.13
‘allow, 1, 0.00, 93.14
‘alice’, 1, 0.00, 93.14
‘ahem’, 1, 0.00, 93.15
‘advance, 1, 0.00, 93.15
zigzag, 1, 0.00, 93.15
zealand, 1, 0.00, 93.16
you”’, 1, 0.00, 93.16
yours”’, 1, 0.00, 93.16
yours:, 1, 0.00, 93.17
yours, 1, 0.00, 93.17
youcome, 1, 0.00, 93.18
youare, 1, 0.00, 93.18
youall, 1, 0.00, 93.18
you:, 1, 0.00, 93.19
yetoh, 1, 0.00, 93.19
yetit’s, 1, 0.00, 93.19
yetand, 1, 0.00, 93.20
yelp, 1, 0.00, 93.20
yelled, 1, 0.00, 93.21
years, 1, 0.00, 93.21
ye;, 1, 0.00, 93.21
yards, 1, 0.00, 93.22
xii, 1, 0.00, 93.22
xi, 1, 0.00, 93.22
x, 1, 0.00, 93.23
wrong’, 1, 0.00, 93.23
writingdesk’, 1, 0.00, 93.24
writingdesks, 1, 0.00, 93.24
writhing, 1, 0.00, 93.24
wriggling, 1, 0.00, 93.25
wrapping, 1, 0.00, 93.25
would’, 1, 0.00, 93.25
worry, 1, 0.00, 93.26
worried, 1, 0.00, 93.26
worm, 1, 0.00, 93.27
works’, 1, 0.00, 93.27
wore, 1, 0.00, 93.27
wood’, 1, 0.00, 93.28
woodshe, 1, 0.00, 93.28
wooden, 1, 0.00, 93.29
won’, 1, 0.00, 93.29
wondered, 1, 0.00, 93.29
won, 1, 0.00, 93.30
womanbut, 1, 0.00, 93.30
woman;, 1, 0.00, 93.30
woke, 1, 0.00, 93.31
wits’, 1, 0.00, 93.31
withoutmaybe, 1, 0.00, 93.32
withina, 1, 0.00, 93.32
within, 1, 0.00, 93.32
with;, 1, 0.00, 93.33
winter, 1, 0.00, 93.33
wings, 1, 0.00, 93.33
win, 1, 0.00, 93.34
william”’, 1, 0.00, 93.34
william’s, 1, 0.00, 93.35
wig’, 1, 0.00, 93.35
wig, 1, 0.00, 93.35
wife;, 1, 0.00, 93.36
wider, 1, 0.00, 93.36
whom, 1, 0.00, 93.36
white;, 1, 0.00, 93.37
whistling, 1, 0.00, 93.37
whistle, 1, 0.00, 93.38
whispers, 1, 0.00, 93.38
whiskers’, 1, 0.00, 93.38
whiles’, 1, 0.00, 93.39
which’, 1, 0.00, 93.39
whereupon, 1, 0.00, 93.39
whatever, 1, 0.00, 93.40
we’re, 1, 0.00, 93.40
weren’t, 1, 0.00, 93.41
wept, 1, 0.00, 93.41
welcome, 1, 0.00, 93.41
weeks’, 1, 0.00, 93.42
week:, 1, 0.00, 93.42
wearily, 1, 0.00, 93.43
ways, 1, 0.00, 93.43
waynever, 1, 0.00, 93.43
way:, 1, 0.00, 93.44
waterwell’, 1, 0.00, 93.44
waters, 1, 0.00, 93.44
waste, 1, 0.00, 93.45
washing’, 1, 0.00, 93.45
washingextra”’, 1, 0.00, 93.46
washing, 1, 0.00, 93.46
warning’, 1, 0.00, 93.46
wander, 1, 0.00, 93.47
walrus, 1, 0.00, 93.47
walk”, 1, 0.00, 93.47
waiting’, 1, 0.00, 93.48
wait, 1, 0.00, 93.48
waist’, 1, 0.00, 93.49
wags, 1, 0.00, 93.49
wag, 1, 0.00, 93.49
vulgar, 1, 0.00, 93.50
vote, 1, 0.00, 93.50
voicethe, 1, 0.00, 93.50
voices‘hold, 1, 0.00, 93.51
visit, 1, 0.00, 93.51
violence, 1, 0.00, 93.52
vinegar, 1, 0.00, 93.52
viii, 1, 0.00, 93.52
vii, 1, 0.00, 93.53
vi, 1, 0.00, 93.53
verses’, 1, 0.00, 93.53
verse, 1, 0.00, 93.54
velvet, 1, 0.00, 93.54
vegetable, 1, 0.00, 93.55
various, 1, 0.00, 93.55
variations, 1, 0.00, 93.55
vanishing, 1, 0.00, 93.56
vague, 1, 0.00, 93.56
v, 1, 0.00, 93.56
us”’, 1, 0.00, 93.57
us’, 1, 0.00, 93.57
usurpation, 1, 0.00, 93.58
usual’, 1, 0.00, 93.58
usedand, 1, 0.00, 93.58
upstairs, 1, 0.00, 93.59
upsetting, 1, 0.00, 93.59
upright, 1, 0.00, 93.60
up:, 1, 0.00, 93.60
unwillingly, 1, 0.00, 93.60
unusually, 1, 0.00, 93.61
untwist, 1, 0.00, 93.61
unlocking, 1, 0.00, 93.61
unless, 1, 0.00, 93.62
unjust, 1, 0.00, 93.62
uneasy:, 1, 0.00, 93.63
undoing, 1, 0.00, 93.63
undo, 1, 0.00, 93.63
understood, 1, 0.00, 93.64
underneath, 1, 0.00, 93.64
uncorked, 1, 0.00, 93.64
uncommonly, 1, 0.00, 93.65
uncommon, 1, 0.00, 93.65
uncomfortably, 1, 0.00, 93.66
uncivil, 1, 0.00, 93.66
unable, 1, 0.00, 93.66
ugly;, 1, 0.00, 93.67
ugly, 1, 0.00, 93.67
uglifying’, 1, 0.00, 93.67
uglify, 1, 0.00, 93.68
uglification, 1, 0.00, 93.68
ugh, 1, 0.00, 93.69
t’, 1, 0.00, 93.69
two”, 1, 0.00, 93.69
two’, 1, 0.00, 93.70
two:, 1, 0.00, 93.70
twinkle“’, 1, 0.00, 93.70
twinkle’, 1, 0.00, 93.71
twinkled, 1, 0.00, 93.71
twice’, 1, 0.00, 93.72
twentyfour, 1, 0.00, 93.72
twenty, 1, 0.00, 93.72
twentieth, 1, 0.00, 93.73
twelfth’, 1, 0.00, 93.73
tut, 1, 0.00, 93.74
turtle’, 1, 0.00, 93.74
turtlewe, 1, 0.00, 93.74
turtle;, 1, 0.00, 93.75
turnup, 1, 0.00, 93.75
turn;, 1, 0.00, 93.75
turkey, 1, 0.00, 93.76
tureen, 1, 0.00, 93.76
tunnel, 1, 0.00, 93.77
tumbled, 1, 0.00, 93.77
tuliproots, 1, 0.00, 93.77
truthful, 1, 0.00, 93.78
truth:, 1, 0.00, 93.78
trusts, 1, 0.00, 93.78
true”, 1, 0.00, 93.79
true’, 1, 0.00, 93.79
true:, 1, 0.00, 93.80
true, 1, 0.00, 93.80
trouble’, 1, 0.00, 93.80
trot, 1, 0.00, 93.81
trims, 1, 0.00, 93.81
tricks, 1, 0.00, 93.81
trickling, 1, 0.00, 93.82
trial’, 1, 0.00, 93.82
trials, 1, 0.00, 93.83
trial:, 1, 0.00, 93.83
tremulous, 1, 0.00, 93.83
tremble, 1, 0.00, 93.84
treated, 1, 0.00, 93.84
treat, 1, 0.00, 93.84
treacle’, 1, 0.00, 93.85
treaclewell’, 1, 0.00, 93.85
treaclewelleh, 1, 0.00, 93.86
trampled, 1, 0.00, 93.86
toys, 1, 0.00, 93.86
towards, 1, 0.00, 93.87
tougher, 1, 0.00, 93.87
touch, 1, 0.00, 93.88
toto, 1, 0.00, 93.88
toss, 1, 0.00, 93.88
tortoise’, 1, 0.00, 93.89
tops, 1, 0.00, 93.89
too:, 1, 0.00, 93.89
tonight, 1, 0.00, 93.90
tomorrow’, 1, 0.00, 93.90
together”’, 1, 0.00, 93.91
together:, 1, 0.00, 93.91
toffee, 1, 0.00, 93.91
toes, 1, 0.00, 93.92
toast, 1, 0.00, 93.92
tittered, 1, 0.00, 93.92
tipped, 1, 0.00, 93.93
tinkling, 1, 0.00, 93.93
timidly;, 1, 0.00, 93.94
timidly:, 1, 0.00, 93.94
tillie;, 1, 0.00, 93.94
tight, 1, 0.00, 93.95
tied, 1, 0.00, 93.95
tie, 1, 0.00, 93.95
tidy, 1, 0.00, 93.96
tide, 1, 0.00, 93.96
thunderstorm, 1, 0.00, 93.97
thunder, 1, 0.00, 93.97
thrown, 1, 0.00, 93.97
through’, 1, 0.00, 93.98
throne, 1, 0.00, 93.98
three’, 1, 0.00, 93.98
thoughtfully:, 1, 0.00, 93.99
thought;, 1, 0.00, 93.99
thought:, 1, 0.00, 94.00
thirteen, 1, 0.00, 94.00
think;, 1, 0.00, 94.00
think:, 1, 0.00, 94.01
thingsi, 1, 0.00, 94.01
thingseverything, 1, 0.00, 94.01
thinand, 1, 0.00, 94.02
thimble’;, 1, 0.00, 94.02
thimble’, 1, 0.00, 94.03
thick, 1, 0.00, 94.03
the’, 1, 0.00, 94.03
they’ve, 1, 0.00, 94.04
these’, 1, 0.00, 94.04
therefore, 1, 0.00, 94.05
thenshe, 1, 0.00, 94.05
theni, 1, 0.00, 94.05
thenbill’s, 1, 0.00, 94.06
thenalways, 1, 0.00, 94.06
then;, 1, 0.00, 94.06
them‘i, 1, 0.00, 94.07
themselves”’, 1, 0.00, 94.07
themall, 1, 0.00, 94.08
them:, 1, 0.00, 94.08
theirs, 1, 0.00, 94.08
that’ll, 1, 0.00, 94.09
thatonly, 1, 0.00, 94.09
thatit, 1, 0.00, 94.09
thatched, 1, 0.00, 94.10
that;, 1, 0.00, 94.10
thanked, 1, 0.00, 94.11
thank, 1, 0.00, 94.11
terror, 1, 0.00, 94.11
terrier, 1, 0.00, 94.12
terribly, 1, 0.00, 94.12
terms, 1, 0.00, 94.12
telescope’, 1, 0.00, 94.13
telescopes:, 1, 0.00, 94.13
teeth, 1, 0.00, 94.14
teatray, 1, 0.00, 94.14
teathings, 1, 0.00, 94.14
teases’, 1, 0.00, 94.15
teapot, 1, 0.00, 94.15
teanot, 1, 0.00, 94.15
teaching, 1, 0.00, 94.16
tea;, 1, 0.00, 94.16
tastes, 1, 0.00, 94.17
tasted’, 1, 0.00, 94.17
talking’, 1, 0.00, 94.17
talking:, 1, 0.00, 94.18
talk:, 1, 0.00, 94.18
tale’, 1, 0.00, 94.19
tail;, 1, 0.00, 94.19
table’, 1, 0.00, 94.19
table:, 1, 0.00, 94.20
swim”, 1, 0.00, 94.20
sweettempered, 1, 0.00, 94.20
swallowing, 1, 0.00, 94.21
swallowed, 1, 0.00, 94.21
swallow, 1, 0.00, 94.22
sure;, 1, 0.00, 94.22
suppress, 1, 0.00, 94.22
supple, 1, 0.00, 94.23
sugar, 1, 0.00, 94.23
suet;, 1, 0.00, 94.23
submitted, 1, 0.00, 94.24
subject’, 1, 0.00, 94.24
subjects, 1, 0.00, 94.25
subdued, 1, 0.00, 94.25
stupid’, 1, 0.00, 94.25
stupidly, 1, 0.00, 94.26
stupidest, 1, 0.00, 94.26
stuff’, 1, 0.00, 94.26
strings:, 1, 0.00, 94.27
strength, 1, 0.00, 94.27
straightening, 1, 0.00, 94.28
straightened, 1, 0.00, 94.28
stop’, 1, 0.00, 94.28
stopping, 1, 0.00, 94.29
stool, 1, 0.00, 94.29
stockings, 1, 0.00, 94.29
stingy, 1, 0.00, 94.30
stigand, 1, 0.00, 94.30
stiff, 1, 0.00, 94.31
sticks, 1, 0.00, 94.31
sternly, 1, 0.00, 94.31
steamengine, 1, 0.00, 94.32
steady, 1, 0.00, 94.32
stay’, 1, 0.00, 94.32
stays, 1, 0.00, 94.33
station, 1, 0.00, 94.33
state, 1, 0.00, 94.34
starfish’, 1, 0.00, 94.34
standing, 1, 0.00, 94.34
stalk, 1, 0.00, 94.35
stairs’, 1, 0.00, 94.35
squeezed, 1, 0.00, 94.36
squeeze, 1, 0.00, 94.36
squeaked, 1, 0.00, 94.36
spreading, 1, 0.00, 94.37
sprawling, 1, 0.00, 94.37
spot’, 1, 0.00, 94.37
spoon:, 1, 0.00, 94.38
spoon, 1, 0.00, 94.38
spoken, 1, 0.00, 94.39
spokefancy, 1, 0.00, 94.39
spoke;, 1, 0.00, 94.39
splendidly, 1, 0.00, 94.40
splashed, 1, 0.00, 94.40
splash, 1, 0.00, 94.40
spite, 1, 0.00, 94.41
spell, 1, 0.00, 94.41
speed, 1, 0.00, 94.42
speak’, 1, 0.00, 94.42
speaker’, 1, 0.00, 94.42
speakand, 1, 0.00, 94.43
spades, 1, 0.00, 94.43
sourand, 1, 0.00, 94.43
soup”, 1, 0.00, 94.44
sorry, 1, 0.00, 94.44
sorrow’, 1, 0.00, 94.45
sorrows, 1, 0.00, 94.45
sorrow, 1, 0.00, 94.45
soothing, 1, 0.00, 94.46
song’, 1, 0.00, 94.46
son, 1, 0.00, 94.46
somewhere, 1, 0.00, 94.47
something’, 1, 0.00, 94.47
something;, 1, 0.00, 94.48
somersault, 1, 0.00, 94.48
someone, 1, 0.00, 94.48
somehow, 1, 0.00, 94.49
somebody’, 1, 0.00, 94.49
solid, 1, 0.00, 94.50
soldier, 1, 0.00, 94.50
softly, 1, 0.00, 94.50
soft, 1, 0.00, 94.51
sobbing’, 1, 0.00, 94.51
sobbed, 1, 0.00, 94.51
sob, 1, 0.00, 94.52
soand, 1, 0.00, 94.52
snout, 1, 0.00, 94.53
snorting, 1, 0.00, 94.53
sneezes;, 1, 0.00, 94.53
sneezes:, 1, 0.00, 94.54
sneezed, 1, 0.00, 94.54
snappishly, 1, 0.00, 94.54
smoke, 1, 0.00, 94.55
smile:, 1, 0.00, 94.55
smile, 1, 0.00, 94.56
sluggard”’, 1, 0.00, 94.56
slippery;, 1, 0.00, 94.56
slightest, 1, 0.00, 94.57
sleep”, 1, 0.00, 94.57
sleepy;, 1, 0.00, 94.57
slates’ll, 1, 0.00, 94.58
slates;, 1, 0.00, 94.58
slatepencil, 1, 0.00, 94.59
slateoh, 1, 0.00, 94.59
skyrocket’, 1, 0.00, 94.59
skurried, 1, 0.00, 94.60
skirt, 1, 0.00, 94.60
skimming, 1, 0.00, 94.60
size’, 1, 0.00, 94.61
sizes, 1, 0.00, 94.61
size;, 1, 0.00, 94.62
sixpence, 1, 0.00, 94.62
sits, 1, 0.00, 94.62
sister’s, 1, 0.00, 94.63
sisters’, 1, 0.00, 94.63
sistersthey, 1, 0.00, 94.63
sister;, 1, 0.00, 94.64
sink, 1, 0.00, 94.64
simply“never, 1, 0.00, 94.65
simpleton’, 1, 0.00, 94.65
silence:, 1, 0.00, 94.65
signify:, 1, 0.00, 94.66
signifies, 1, 0.00, 94.66
sign, 1, 0.00, 94.67
sight;, 1, 0.00, 94.67
sh’, 1, 0.00, 94.67
shyly, 1, 0.00, 94.68
shrink, 1, 0.00, 94.68
shrimp, 1, 0.00, 94.68
shrieks, 1, 0.00, 94.69
shrieked, 1, 0.00, 94.69
shorter’, 1, 0.00, 94.70
shorter, 1, 0.00, 94.70
shock, 1, 0.00, 94.70
shiver, 1, 0.00, 94.71
shiny’, 1, 0.00, 94.71
shining, 1, 0.00, 94.71
shinglewill, 1, 0.00, 94.72
shillings, 1, 0.00, 94.72
shilling, 1, 0.00, 94.73
shifting, 1, 0.00, 94.73
she’d, 1, 0.00, 94.73
she’, 1, 0.00, 94.74
shepherd, 1, 0.00, 94.74
shelves, 1, 0.00, 94.74
sheepbells, 1, 0.00, 94.75
shedding, 1, 0.00, 94.75
sharply;, 1, 0.00, 94.76
sharks, 1, 0.00, 94.76
shark, 1, 0.00, 94.76
sharing, 1, 0.00, 94.77
shared, 1, 0.00, 94.77
share, 1, 0.00, 94.77
shape, 1, 0.00, 94.78
shall’, 1, 0.00, 94.78
shakespeare, 1, 0.00, 94.79
shake, 1, 0.00, 94.79
shade:, 1, 0.00, 94.79
severity;, 1, 0.00, 94.80
settling, 1, 0.00, 94.80
settle, 1, 0.00, 94.81
setting, 1, 0.00, 94.81
serpent;, 1, 0.00, 94.81
seriously, 1, 0.00, 94.82
series, 1, 0.00, 94.82
sentenced, 1, 0.00, 94.82
sends, 1, 0.00, 94.83
send, 1, 0.00, 94.83
sell’, 1, 0.00, 94.84
sell, 1, 0.00, 94.84
seldom, 1, 0.00, 94.84
see”’, 1, 0.00, 94.85
seeneverything, 1, 0.00, 94.85
seen:, 1, 0.00, 94.85
seems’, 1, 0.00, 94.86
seeing, 1, 0.00, 94.86
seehow, 1, 0.00, 94.87
secret, 1, 0.00, 94.87
sea”, 1, 0.00, 94.87
seated, 1, 0.00, 94.88
seaside, 1, 0.00, 94.88
seashore’, 1, 0.00, 94.88
search, 1, 0.00, 94.89
seaography:, 1, 0.00, 94.89
screaming, 1, 0.00, 94.90
scratching, 1, 0.00, 94.90
scrambling, 1, 0.00, 94.90
scolded, 1, 0.00, 94.91
school’, 1, 0.00, 94.91
schoolroom, 1, 0.00, 94.91
scaly, 1, 0.00, 94.92
scale, 1, 0.00, 94.92
saythat’s, 1, 0.00, 94.93
saying’, 1, 0.00, 94.93
saves, 1, 0.00, 94.93
save, 1, 0.00, 94.94
savage’, 1, 0.00, 94.94
saucer, 1, 0.00, 94.94
saucepans, 1, 0.00, 94.95
saucepan, 1, 0.00, 94.95
sands, 1, 0.00, 94.96
sand, 1, 0.00, 94.96
salmon, 1, 0.00, 94.96
sage, 1, 0.00, 94.97
sad’, 1, 0.00, 94.97
sadly:, 1, 0.00, 94.98
rustling, 1, 0.00, 94.98
rustled, 1, 0.00, 94.98
rushed, 1, 0.00, 94.99
rumbling, 1, 0.00, 94.99
rule:, 1, 0.00, 94.99
rude’, 1, 0.00, 95.00
rudeness, 1, 0.00, 95.00
rude, 1, 0.00, 95.01
rubbed, 1, 0.00, 95.01
round”’, 1, 0.00, 95.01
roughly, 1, 0.00, 95.02
rosetree;, 1, 0.00, 95.02
roses’, 1, 0.00, 95.02
rose, 1, 0.00, 95.03
ropewill, 1, 0.00, 95.03
roots, 1, 0.00, 95.04
romeno, 1, 0.00, 95.04
rome, 1, 0.00, 95.04
rock, 1, 0.00, 95.05
roast, 1, 0.00, 95.05
roared, 1, 0.00, 95.05
rising, 1, 0.00, 95.06
rises, 1, 0.00, 95.06
rise, 1, 0.00, 95.07
rippling, 1, 0.00, 95.07
riper, 1, 0.00, 95.07
rightly, 1, 0.00, 95.08
right;, 1, 0.00, 95.08
ridiculous, 1, 0.00, 95.08
ridges, 1, 0.00, 95.09
ridge, 1, 0.00, 95.09
riddlesi, 1, 0.00, 95.10
riddles, 1, 0.00, 95.10
riddle, 1, 0.00, 95.10
rich, 1, 0.00, 95.11
returning, 1, 0.00, 95.11
retire, 1, 0.00, 95.12
result, 1, 0.00, 95.12
respectful, 1, 0.00, 95.12
respectable, 1, 0.00, 95.13
respect, 1, 0.00, 95.13
resource, 1, 0.00, 95.13
reminding, 1, 0.00, 95.14
remembering, 1, 0.00, 95.14
remedies’, 1, 0.00, 95.15
remarks’, 1, 0.00, 95.15
remarked;, 1, 0.00, 95.15
remarked:, 1, 0.00, 95.16
remaining, 1, 0.00, 95.16
remain, 1, 0.00, 95.16
relieved, 1, 0.00, 95.17
refused, 1, 0.00, 95.17
refreshments’, 1, 0.00, 95.18
reedsthe, 1, 0.00, 95.18
reduced, 1, 0.00, 95.18
redhot, 1, 0.00, 95.19
recognised, 1, 0.00, 95.19
received, 1, 0.00, 95.19
reasons, 1, 0.00, 95.20
reasonable, 1, 0.00, 95.20
rearing, 1, 0.00, 95.21
really’, 1, 0.00, 95.21
realitythe, 1, 0.00, 95.21
readily:, 1, 0.00, 95.22
read:, 1, 0.00, 95.22
reaching, 1, 0.00, 95.22
raw’, 1, 0.00, 95.23
ravens, 1, 0.00, 95.23
raven, 1, 0.00, 95.24
rattle, 1, 0.00, 95.24
rats, 1, 0.00, 95.24
rathole:, 1, 0.00, 95.25
rate’, 1, 0.00, 95.25
rate:, 1, 0.00, 95.26
rapped, 1, 0.00, 95.26
rapidly;, 1, 0.00, 95.26
rapidly:, 1, 0.00, 95.27
ran;, 1, 0.00, 95.27
raising, 1, 0.00, 95.27
railway’, 1, 0.00, 95.28
railway, 1, 0.00, 95.28
racecourse, 1, 0.00, 95.29
rabbit’s‘pat, 1, 0.00, 95.29
rabbit’, 1, 0.00, 95.29
rabbits, 1, 0.00, 95.30
rabbitholeand, 1, 0.00, 95.30
rabbit;, 1, 0.00, 95.30
rabbit:, 1, 0.00, 95.31
quiver, 1, 0.00, 95.31
quicker, 1, 0.00, 95.32
questionshow, 1, 0.00, 95.32
question;, 1, 0.00, 95.32
queershaped, 1, 0.00, 95.33
queerlooking, 1, 0.00, 95.33
queerest, 1, 0.00, 95.33
queens, 1, 0.00, 95.34
queen:, 1, 0.00, 95.34
quarrelled, 1, 0.00, 95.35
quarrel, 1, 0.00, 95.35
quadrille’, 1, 0.00, 95.35
puzzle’, 1, 0.00, 95.36
puss’, 1, 0.00, 95.36
push, 1, 0.00, 95.36
purple, 1, 0.00, 95.37
puppy’s, 1, 0.00, 95.37
puppy;, 1, 0.00, 95.38
pun’, 1, 0.00, 95.38
punished, 1, 0.00, 95.38
punching, 1, 0.00, 95.39
pulling, 1, 0.00, 95.39
pulled, 1, 0.00, 95.39
puffed, 1, 0.00, 95.40
provoking, 1, 0.00, 95.40
prove, 1, 0.00, 95.41
protection, 1, 0.00, 95.41
prosecute, 1, 0.00, 95.41
proposal, 1, 0.00, 95.42
pronounced, 1, 0.00, 95.42
promising, 1, 0.00, 95.43
promised, 1, 0.00, 95.43
promise, 1, 0.00, 95.43
producing, 1, 0.00, 95.44
produced, 1, 0.00, 95.44
procession’, 1, 0.00, 95.44
processions;, 1, 0.00, 95.45
proceed’, 1, 0.00, 95.45
proceed, 1, 0.00, 95.46
prizes, 1, 0.00, 95.46
prize, 1, 0.00, 95.46
prison’, 1, 0.00, 95.47
prisoner’s, 1, 0.00, 95.47
prisoner, 1, 0.00, 95.47
printed, 1, 0.00, 95.48
prevent, 1, 0.00, 95.48
pretty, 1, 0.00, 95.49
pretexts, 1, 0.00, 95.49
pretending, 1, 0.00, 95.49
pretend, 1, 0.00, 95.50
pressing, 1, 0.00, 95.50
present’, 1, 0.00, 95.50
presented, 1, 0.00, 95.51
presentat, 1, 0.00, 95.51
present, 1, 0.00, 95.52
precious, 1, 0.00, 95.52
practice, 1, 0.00, 95.52
powdered, 1, 0.00, 95.53
poured, 1, 0.00, 95.53
pour, 1, 0.00, 95.53
pounds, 1, 0.00, 95.54
possible, 1, 0.00, 95.54
positively, 1, 0.00, 95.55
porpoise”’, 1, 0.00, 95.55
porpoise’, 1, 0.00, 95.55
pope, 1, 0.00, 95.56
pop, 1, 0.00, 95.56
poolshe, 1, 0.00, 95.57
politely;, 1, 0.00, 95.57
politely:, 1, 0.00, 95.57
poky, 1, 0.00, 95.58
poker, 1, 0.00, 95.58
pointed, 1, 0.00, 95.58
pocket’, 1, 0.00, 95.59
pleasing, 1, 0.00, 95.59
pleases’, 1, 0.00, 95.60
please:, 1, 0.00, 95.60
pleasanter, 1, 0.00, 95.60
pleasant, 1, 0.00, 95.61
played, 1, 0.00, 95.61
planning, 1, 0.00, 95.61
plainly, 1, 0.00, 95.62
places’, 1, 0.00, 95.62
placesall’, 1, 0.00, 95.63
placed, 1, 0.00, 95.63
pity”’, 1, 0.00, 95.63
pitied, 1, 0.00, 95.64
piteous, 1, 0.00, 95.64
pink, 1, 0.00, 95.64
pineapple, 1, 0.00, 95.65
pigbaby, 1, 0.00, 95.65
pie’, 1, 0.00, 95.66
piecrust, 1, 0.00, 95.66
pie, 1, 0.00, 95.66
pictured, 1, 0.00, 95.67
picture, 1, 0.00, 95.67
pet:, 1, 0.00, 95.67
person’, 1, 0.00, 95.68
persons, 1, 0.00, 95.68
permitted, 1, 0.00, 95.69
pepperbox, 1, 0.00, 95.69
people’, 1, 0.00, 95.69
pencils, 1, 0.00, 95.70
pencil, 1, 0.00, 95.70
pence, 1, 0.00, 95.70
pegs, 1, 0.00, 95.71
peering, 1, 0.00, 95.71
peeping, 1, 0.00, 95.72
paused, 1, 0.00, 95.72
pause:, 1, 0.00, 95.72
pause, 1, 0.00, 95.73
pattern, 1, 0.00, 95.73
patted, 1, 0.00, 95.74
patriotic, 1, 0.00, 95.74
patience, 1, 0.00, 95.74
past, 1, 0.00, 95.75
passionate, 1, 0.00, 95.75
passing, 1, 0.00, 95.75
passed;, 1, 0.00, 95.76
passage:, 1, 0.00, 95.76
pass, 1, 0.00, 95.77
part’, 1, 0.00, 95.77
parts, 1, 0.00, 95.77
partner’, 1, 0.00, 95.78
partners’, 1, 0.00, 95.78
particularhere, 1, 0.00, 95.78
particular;, 1, 0.00, 95.79
part, 1, 0.00, 95.79
pardoned’, 1, 0.00, 95.80
pardon, 1, 0.00, 95.80
panted, 1, 0.00, 95.80
pairs, 1, 0.00, 95.81
paint, 1, 0.00, 95.81
pace’, 1, 0.00, 95.81
oyster’, 1, 0.00, 95.82
overhead;, 1, 0.00, 95.82
overcome, 1, 0.00, 95.83
over;, 1, 0.00, 95.83
out”, 1, 0.00, 95.83
ourselves, 1, 0.00, 95.84
ours, 1, 0.00, 95.84
other’, 1, 0.00, 95.84
otherwise”’, 1, 0.00, 95.85
others’, 1, 0.00, 95.85
otherbill, 1, 0.00, 95.86
order’, 1, 0.00, 95.86
ordered’;, 1, 0.00, 95.86
opposite, 1, 0.00, 95.87
opinion’, 1, 0.00, 95.87
on”, 1, 0.00, 95.88
onions’, 1, 0.00, 95.88
one’s, 1, 0.00, 95.88
oneself, 1, 0.00, 95.89
ones, 1, 0.00, 95.89
onebut, 1, 0.00, 95.89
once;, 1, 0.00, 95.90
once:, 1, 0.00, 95.90
on;, 1, 0.00, 95.91
oldest, 1, 0.00, 95.91
ointmentone, 1, 0.00, 95.91
officers:, 1, 0.00, 95.92
officer, 1, 0.00, 95.92
offended’, 1, 0.00, 95.92
offend, 1, 0.00, 95.93
off;, 1, 0.00, 95.93
odd, 1, 0.00, 95.94
occasionally;, 1, 0.00, 95.94
occasional, 1, 0.00, 95.94
obstacle, 1, 0.00, 95.95
oblong, 1, 0.00, 95.95
o, 1, 0.00, 95.95
nurseand, 1, 0.00, 95.96
no’, 1, 0.00, 95.96
nowdon’t, 1, 0.00, 95.97
nowbut, 1, 0.00, 95.97
not’;, 1, 0.00, 95.97
noticing, 1, 0.00, 95.98
nothing’, 1, 0.00, 95.98
nothing;, 1, 0.00, 95.98
nothing:, 1, 0.00, 95.99
nose’;, 1, 0.00, 95.99
nose;, 1, 0.00, 96.00
northumbria“’, 1, 0.00, 96.00
northumbria, 1, 0.00, 96.00
normans”, 1, 0.00, 96.01
noises, 1, 0.00, 96.01
nodded, 1, 0.00, 96.01
nile, 1, 0.00, 96.02
nightair, 1, 0.00, 96.02
next’, 1, 0.00, 96.03
newspapers, 1, 0.00, 96.03
nevertheless, 1, 0.00, 96.03
neverending, 1, 0.00, 96.04
nest, 1, 0.00, 96.04
neighbouring, 1, 0.00, 96.05
neighbour, 1, 0.00, 96.05
needs, 1, 0.00, 96.05
neat, 1, 0.00, 96.06
natural;, 1, 0.00, 96.06
nasty, 1, 0.00, 96.06
names’, 1, 0.00, 96.07
names, 1, 0.00, 96.07
name:, 1, 0.00, 96.08
mystery’, 1, 0.00, 96.08
must’, 1, 0.00, 96.08
mustardmine, 1, 0.00, 96.09
music, 1, 0.00, 96.09
mushroom’, 1, 0.00, 96.09
muscular, 1, 0.00, 96.10
murdering, 1, 0.00, 96.10
murder, 1, 0.00, 96.11
multiplication, 1, 0.00, 96.11
muddle, 1, 0.00, 96.11
muchness”did, 1, 0.00, 96.12
muchness’, 1, 0.00, 96.12
muchnessyou, 1, 0.00, 96.12
mouthsand, 1, 0.00, 96.13
mouths;, 1, 0.00, 96.13
mouth;, 1, 0.00, 96.14
mouse’s, 1, 0.00, 96.14
mousetraps, 1, 0.00, 96.14
mouseto, 1, 0.00, 96.15
mouseof, 1, 0.00, 96.15
mouseo, 1, 0.00, 96.15
mousea, 1, 0.00, 96.16
mouse:, 1, 0.00, 96.16
mournfully, 1, 0.00, 96.17
mournful, 1, 0.00, 96.17
mostly’, 1, 0.00, 96.17
mostly, 1, 0.00, 96.18
morsel, 1, 0.00, 96.18
morning’, 1, 0.00, 96.19
moreas, 1, 0.00, 96.19
more;, 1, 0.00, 96.19
more:, 1, 0.00, 96.20
morals, 1, 0.00, 96.20
moon, 1, 0.00, 96.20
moment’, 1, 0.00, 96.21
moment:, 1, 0.00, 96.21
modern, 1, 0.00, 96.22
moderate, 1, 0.00, 96.22
mistake;, 1, 0.00, 96.22
mischief, 1, 0.00, 96.23
minute’, 1, 0.00, 96.23
mineral, 1, 0.00, 96.23
minea, 1, 0.00, 96.24
minding, 1, 0.00, 96.24
minded, 1, 0.00, 96.25
millennium, 1, 0.00, 96.25
milkjug, 1, 0.00, 96.25
milk, 1, 0.00, 96.26
miceoh, 1, 0.00, 96.26
merrily, 1, 0.00, 96.26
memory, 1, 0.00, 96.27
memorandum, 1, 0.00, 96.27
meeting, 1, 0.00, 96.28
meekly:, 1, 0.00, 96.28
meekly, 1, 0.00, 96.28
meat, 1, 0.00, 96.29
measure, 1, 0.00, 96.29
meanwhile, 1, 0.00, 96.29
meant’, 1, 0.00, 96.30
means’, 1, 0.00, 96.30
meanstomakeanythingprettier’, 1, 0.00, 96.31
meal, 1, 0.00, 96.31
ma’am, 1, 0.00, 96.31
ma’, 1, 0.00, 96.32
mayn’t, 1, 0.00, 96.32
maybe’, 1, 0.00, 96.33
matter’, 1, 0.00, 96.33
marmalade’, 1, 0.00, 96.33
mark;, 1, 0.00, 96.34
march’, 1, 0.00, 96.34
marchjust, 1, 0.00, 96.34
marched, 1, 0.00, 96.35
maps, 1, 0.00, 96.35
manners, 1, 0.00, 96.36
managing, 1, 0.00, 96.36
manage’, 1, 0.00, 96.36
mallets, 1, 0.00, 96.37
magpie, 1, 0.00, 96.37
magic, 1, 0.00, 96.37
madat, 1, 0.00, 96.38
machines, 1, 0.00, 96.38
ma, 1, 0.00, 96.39
m, 1, 0.00, 96.39
lullaby, 1, 0.00, 96.39
lowspirited, 1, 0.00, 96.40
lowing, 1, 0.00, 96.40
lower’, 1, 0.00, 96.40
loving, 1, 0.00, 96.41
loveliest, 1, 0.00, 96.41
louder, 1, 0.00, 96.42
lost:, 1, 0.00, 96.42
losing, 1, 0.00, 96.42
lose, 1, 0.00, 96.43
loose, 1, 0.00, 96.43
lookout, 1, 0.00, 96.43
lookingglass, 1, 0.00, 96.44
longer’, 1, 0.00, 96.44
long;, 1, 0.00, 96.45
london, 1, 0.00, 96.45
lodging, 1, 0.00, 96.45
locked;, 1, 0.00, 96.46
lock, 1, 0.00, 96.46
lobster’, 1, 0.00, 96.46
lobsters’, 1, 0.00, 96.47
lobster;, 1, 0.00, 96.47
lizard’s, 1, 0.00, 96.48
living, 1, 0.00, 96.48
livery:, 1, 0.00, 96.48
little“’, 1, 0.00, 96.49
lit, 1, 0.00, 96.49
listening:, 1, 0.00, 96.50
listeners, 1, 0.00, 96.50
listened, 1, 0.00, 96.50
lips, 1, 0.00, 96.51
linked, 1, 0.00, 96.51
lines’, 1, 0.00, 96.51
line:, 1, 0.00, 96.52
line, 1, 0.00, 96.52
limbs, 1, 0.00, 96.53
like”’, 1, 0.00, 96.53
likes’, 1, 0.00, 96.53
liked’, 1, 0.00, 96.54
like:, 1, 0.00, 96.54
lifted, 1, 0.00, 96.54
life;, 1, 0.00, 96.55
licking, 1, 0.00, 96.55
lewis, 1, 0.00, 96.56
letters, 1, 0.00, 96.56
lest, 1, 0.00, 96.56
less’, 1, 0.00, 96.57
lessons:, 1, 0.00, 96.57
lessonbooks’, 1, 0.00, 96.57
lessonbook, 1, 0.00, 96.58
lesson, 1, 0.00, 96.58
lessen, 1, 0.00, 96.59
length, 1, 0.00, 96.59
ledge, 1, 0.00, 96.59
leaving, 1, 0.00, 96.60
leaves:, 1, 0.00, 96.60
leastat, 1, 0.00, 96.60
learn’, 1, 0.00, 96.61
learned, 1, 0.00, 96.61
leap, 1, 0.00, 96.62
leant, 1, 0.00, 96.62
leading, 1, 0.00, 96.62
leaders, 1, 0.00, 96.63
lazy, 1, 0.00, 96.63
lazily, 1, 0.00, 96.64
law:, 1, 0.00, 96.64
law, 1, 0.00, 96.64
laughter, 1, 0.00, 96.65
laughing:, 1, 0.00, 96.65
laughing, 1, 0.00, 96.65
laugh;, 1, 0.00, 96.66
latin, 1, 0.00, 96.66
lately, 1, 0.00, 96.67
last’, 1, 0.00, 96.67
lastly, 1, 0.00, 96.67
last:, 1, 0.00, 96.68
lark, 1, 0.00, 96.68
largest, 1, 0.00, 96.68
larger:, 1, 0.00, 96.69
languid, 1, 0.00, 96.69
land, 1, 0.00, 96.70
lamps, 1, 0.00, 96.70
lady’, 1, 0.00, 96.70
ladhere, 1, 0.00, 96.71
ladderwhy, 1, 0.00, 96.71
lacie, 1, 0.00, 96.71
labelled, 1, 0.00, 96.72
knuckles, 1, 0.00, 96.72
knowno, 1, 0.00, 96.73
known, 1, 0.00, 96.73
knowand, 1, 0.00, 96.73
knot’, 1, 0.00, 96.74
knot, 1, 0.00, 96.74
knocking, 1, 0.00, 96.74
knocked, 1, 0.00, 96.75
knock, 1, 0.00, 96.75
knelt, 1, 0.00, 96.76
kneel, 1, 0.00, 96.76
kissed, 1, 0.00, 96.76
kiss, 1, 0.00, 96.77
king’, 1, 0.00, 96.77
kings, 1, 0.00, 96.77
kind’, 1, 0.00, 96.78
kills, 1, 0.00, 96.78
killing, 1, 0.00, 96.79
kill, 1, 0.00, 96.79
key;, 1, 0.00, 96.79
kettle, 1, 0.00, 96.80
justice, 1, 0.00, 96.80
jury”, 1, 0.00, 96.81
jury’, 1, 0.00, 96.81
jurybox’, 1, 0.00, 96.81
jurors’, 1, 0.00, 96.82
juror, 1, 0.00, 96.82
jumped;, 1, 0.00, 96.82
judging, 1, 0.00, 96.83
judge’, 1, 0.00, 96.83
joys, 1, 0.00, 96.84
journey, 1, 0.00, 96.84
joined:, 1, 0.00, 96.84
jogged, 1, 0.00, 96.85
jellyfish, 1, 0.00, 96.85
jaws’, 1, 0.00, 96.85
jaws, 1, 0.00, 96.86
jaw, 1, 0.00, 96.86
jackinthebox, 1, 0.00, 96.87
ix, 1, 0.00, 96.87
iv, 1, 0.00, 96.87
itthat, 1, 0.00, 96.88
itonce, 1, 0.00, 96.88
is“the, 1, 0.00, 96.88
is“take, 1, 0.00, 96.89
is“oh, 1, 0.00, 96.89
is“birds, 1, 0.00, 96.90
is“be, 1, 0.00, 96.90
isoh, 1, 0.00, 96.90
isn’t’, 1, 0.00, 96.91
irritated, 1, 0.00, 96.91
inwards, 1, 0.00, 96.91
involved, 1, 0.00, 96.92
invited’, 1, 0.00, 96.92
invited, 1, 0.00, 96.93
invented, 1, 0.00, 96.93
invent, 1, 0.00, 96.93
introduced, 1, 0.00, 96.94
interrupted:, 1, 0.00, 96.94
interrupt, 1, 0.00, 96.95
interest, 1, 0.00, 96.95
insult, 1, 0.00, 96.95
instead’, 1, 0.00, 96.96
insolence, 1, 0.00, 96.96
inquisitively, 1, 0.00, 96.96
inquired, 1, 0.00, 96.97
inkstand, 1, 0.00, 96.97
ink, 1, 0.00, 96.98
injure, 1, 0.00, 96.98
indignant, 1, 0.00, 96.98
inclined, 1, 0.00, 96.99
incessantly, 1, 0.00, 96.99
in:, 1, 0.00, 96.99
improve, 1, 0.00, 97.00
important’, 1, 0.00, 97.00
impertinent’, 1, 0.00, 97.01
impatiently;, 1, 0.00, 97.01
impatient, 1, 0.00, 97.01
immense, 1, 0.00, 97.02
immediate, 1, 0.00, 97.02
imitated, 1, 0.00, 97.02
iii, 1, 0.00, 97.03
ii, 1, 0.00, 97.03
ignorant, 1, 0.00, 97.04
ifif, 1, 0.00, 97.04
idiotic’, 1, 0.00, 97.04
idea’, 1, 0.00, 97.05
hurrying, 1, 0.00, 97.05
hurry:, 1, 0.00, 97.05
hung, 1, 0.00, 97.06
hundred, 1, 0.00, 97.06
humbly;, 1, 0.00, 97.07
humbly:, 1, 0.00, 97.07
humble, 1, 0.00, 97.07
howled, 1, 0.00, 97.08
house’, 1, 0.00, 97.08
houses, 1, 0.00, 97.08
housemaid’, 1, 0.00, 97.09
hottempered’, 1, 0.00, 97.09
hopeless, 1, 0.00, 97.10
hopeful, 1, 0.00, 97.10
hoped, 1, 0.00, 97.10
honour:, 1, 0.00, 97.11
honour, 1, 0.00, 97.11
honest, 1, 0.00, 97.12
home;, 1, 0.00, 97.12
hollow, 1, 0.00, 97.12
holiday’, 1, 0.00, 97.13
hoarsely, 1, 0.00, 97.13
history’, 1, 0.00, 97.13
histories, 1, 0.00, 97.14
hiss, 1, 0.00, 97.14
hippopotamus, 1, 0.00, 97.15
hint;, 1, 0.00, 97.15
hint, 1, 0.00, 97.15
himself:, 1, 0.00, 97.16
himit, 1, 0.00, 97.16
himhow, 1, 0.00, 97.16
him;, 1, 0.00, 97.17
highest, 1, 0.00, 97.17
hide, 1, 0.00, 97.18
hid, 1, 0.00, 97.18
he’s, 1, 0.00, 97.18
he’ll, 1, 0.00, 97.19
he’d, 1, 0.00, 97.19
he’, 1, 0.00, 97.19
her’, 1, 0.00, 97.20
hersshe, 1, 0.00, 97.20
here;, 1, 0.00, 97.21
helpless, 1, 0.00, 97.21
helped, 1, 0.00, 97.21
heels, 1, 0.00, 97.22
hedge’, 1, 0.00, 97.22
hedges’, 1, 0.00, 97.22
hedgehogs;, 1, 0.00, 97.23
hedge, 1, 0.00, 97.23
hearthrug, 1, 0.00, 97.24
hearth, 1, 0.00, 97.24
heard’, 1, 0.00, 97.24
heap, 1, 0.00, 97.25
head”’, 1, 0.00, 97.25
head’s, 1, 0.00, 97.26
heads’, 1, 0.00, 97.26
headbrandy, 1, 0.00, 97.26
head:, 1, 0.00, 97.27
haven’t’, 1, 0.00, 97.27
hat’, 1, 0.00, 97.27
hatter’s, 1, 0.00, 97.28
hatter’, 1, 0.00, 97.28
hatters, 1, 0.00, 97.29
hatter;, 1, 0.00, 97.29
hated, 1, 0.00, 97.29
hatec, 1, 0.00, 97.30
hate, 1, 0.00, 97.30
hatching, 1, 0.00, 97.30
hastily;, 1, 0.00, 97.31
haste, 1, 0.00, 97.31
harm, 1, 0.00, 97.32
hare:, 1, 0.00, 97.32
happy, 1, 0.00, 97.32
happen’, 1, 0.00, 97.33
happens’, 1, 0.00, 97.33
happens;, 1, 0.00, 97.33
happening, 1, 0.00, 97.34
happen:, 1, 0.00, 97.34
hand’, 1, 0.00, 97.35
handwriting’, 1, 0.00, 97.35
handsome, 1, 0.00, 97.35
hands;, 1, 0.00, 97.36
hall;, 1, 0.00, 97.36
hall:, 1, 0.00, 97.36
hair”, 1, 0.00, 97.37
had’, 1, 0.00, 97.37
guineapigs’, 1, 0.00, 97.38
guilt’, 1, 0.00, 97.38
guard, 1, 0.00, 97.38
gryphon;, 1, 0.00, 97.39
grunt’, 1, 0.00, 97.39
grumbled:, 1, 0.00, 97.39
growls, 1, 0.00, 97.40
growling’, 1, 0.00, 97.40
growled, 1, 0.00, 97.41
growing’, 1, 0.00, 97.41
ground’, 1, 0.00, 97.41
groundand, 1, 0.00, 97.42
grins, 1, 0.00, 97.42
grinning, 1, 0.00, 97.43
grinned;, 1, 0.00, 97.43
grief, 1, 0.00, 97.43
grey, 1, 0.00, 97.44
grew, 1, 0.00, 97.44
grazed, 1, 0.00, 97.44
gravy, 1, 0.00, 97.45
grant, 1, 0.00, 97.45
grammar, 1, 0.00, 97.46
graceful, 1, 0.00, 97.46
go”, 1, 0.00, 97.46
goodnaturedly, 1, 0.00, 97.47
goodnatured, 1, 0.00, 97.47
goodbye, 1, 0.00, 97.47
glovesthat, 1, 0.00, 97.48
gloves:, 1, 0.00, 97.48
gloomily:, 1, 0.00, 97.49
globe, 1, 0.00, 97.49
glass;, 1, 0.00, 97.49
glaring, 1, 0.00, 97.50
glanced, 1, 0.00, 97.50
given, 1, 0.00, 97.50
girl’, 1, 0.00, 97.51
get”, 1, 0.00, 97.51
getting’, 1, 0.00, 97.52
geography, 1, 0.00, 97.52
gazing, 1, 0.00, 97.52
gay, 1, 0.00, 97.53
gather, 1, 0.00, 97.53
garden”’, 1, 0.00, 97.53
garden’, 1, 0.00, 97.54
gardenhow, 1, 0.00, 97.54
garden:, 1, 0.00, 97.55
game’s, 1, 0.00, 97.55
games, 1, 0.00, 97.55
gallons, 1, 0.00, 97.56
gained, 1, 0.00, 97.56
fury:, 1, 0.00, 97.57
fury, 1, 0.00, 97.57
further:, 1, 0.00, 97.57
furrows;, 1, 0.00, 97.58
furrow, 1, 0.00, 97.58
furiously, 1, 0.00, 97.58
furious, 1, 0.00, 97.59
fun, 1, 0.00, 97.59
fumbled, 1, 0.00, 97.60
fulcrum, 1, 0.00, 97.60
fryingpan, 1, 0.00, 97.60
frontispiece, 1, 0.00, 97.61
from:, 1, 0.00, 97.61
frogfootman, 1, 0.00, 97.61
frog;, 1, 0.00, 97.62
frog, 1, 0.00, 97.62
frighten, 1, 0.00, 97.63
france, 1, 0.00, 97.63
fourth’, 1, 0.00, 97.63
found:, 1, 0.00, 97.64
for”’, 1, 0.00, 97.64
forwards, 1, 0.00, 97.64
fortytwo, 1, 0.00, 97.65
fortunately, 1, 0.00, 97.65
form, 1, 0.00, 97.66
fork, 1, 0.00, 97.66
forepaws, 1, 0.00, 97.66
footmen, 1, 0.00, 97.67
footman’s, 1, 0.00, 97.67
foolish, 1, 0.00, 97.67
fondofof, 1, 0.00, 97.68
follows:, 1, 0.00, 97.68
folding, 1, 0.00, 97.69
flying, 1, 0.00, 97.69
fly;, 1, 0.00, 97.69
fluttered, 1, 0.00, 97.70
flustered, 1, 0.00, 97.70
flurry, 1, 0.00, 97.71
flung, 1, 0.00, 97.71
flown, 1, 0.00, 97.71
flowerpot, 1, 0.00, 97.72
flowerbeds, 1, 0.00, 97.72
floor:, 1, 0.00, 97.72
flock, 1, 0.00, 97.73
flinging, 1, 0.00, 97.73
flew, 1, 0.00, 97.74
flavour, 1, 0.00, 97.74
flashed, 1, 0.00, 97.74
flappers, 1, 0.00, 97.75
flapper, 1, 0.00, 97.75
flamingoes, 1, 0.00, 97.75
flamingo:, 1, 0.00, 97.76
flame, 1, 0.00, 97.76
fixed, 1, 0.00, 97.77
fix, 1, 0.00, 97.77
fit”, 1, 0.00, 97.77
fitted, 1, 0.00, 97.78
fits, 1, 0.00, 97.78
fishes, 1, 0.00, 97.78
fishand, 1, 0.00, 97.79
firstverdict, 1, 0.00, 97.79
firstthey, 1, 0.00, 97.80
fireplace, 1, 0.00, 97.80
fireirons, 1, 0.00, 97.80
finishing, 1, 0.00, 97.81
finger;, 1, 0.00, 97.81
find’, 1, 0.00, 97.81
finds, 1, 0.00, 97.82
fills, 1, 0.00, 97.82
fig’, 1, 0.00, 97.83
figures’, 1, 0.00, 97.83
figure, 1, 0.00, 97.83
fighting, 1, 0.00, 97.84
fifth, 1, 0.00, 97.84
fifteen, 1, 0.00, 97.84
field, 1, 0.00, 97.85
fidgeted, 1, 0.00, 97.85
fender, 1, 0.00, 97.86
fellows, 1, 0.00, 97.86
feet’, 1, 0.00, 97.86
feeling’, 1, 0.00, 97.87
feebly, 1, 0.00, 97.87
feathers, 1, 0.00, 97.88
feather, 1, 0.00, 97.88
feared, 1, 0.00, 97.88
favourite, 1, 0.00, 97.89
favoured, 1, 0.00, 97.89
father;, 1, 0.00, 97.89
fat;, 1, 0.00, 97.90
faster”, 1, 0.00, 97.90
fashion’, 1, 0.00, 97.91
fashion, 1, 0.00, 97.91
far”, 1, 0.00, 97.91
farther, 1, 0.00, 97.92
farmyardwhile, 1, 0.00, 97.92
farmer, 1, 0.00, 97.92
fanning, 1, 0.00, 97.93
fanned, 1, 0.00, 97.93
fancywho’s, 1, 0.00, 97.94
fancying, 1, 0.00, 97.94
family, 1, 0.00, 97.94
familiarly, 1, 0.00, 97.95
fairytales, 1, 0.00, 97.95
fairly’, 1, 0.00, 97.95
fair, 1, 0.00, 97.96
faintly, 1, 0.00, 97.96
fainting, 1, 0.00, 97.97
faint, 1, 0.00, 97.97
failure, 1, 0.00, 97.97
fading, 1, 0.00, 97.98
fact’, 1, 0.00, 97.98
faceand, 1, 0.00, 97.98
eyes‘tell, 1, 0.00, 97.99
eyesand, 1, 0.00, 97.99
eyes;, 1, 0.00, 98.00
eyes:, 1, 0.00, 98.00
eyelids, 1, 0.00, 98.00
extremely’, 1, 0.00, 98.01
extremely, 1, 0.00, 98.01
extras’, 1, 0.00, 98.02
expression, 1, 0.00, 98.02
expressing, 1, 0.00, 98.02
explanation;, 1, 0.00, 98.03
explanation, 1, 0.00, 98.03
explained’, 1, 0.00, 98.03
experiment’, 1, 0.00, 98.04
experiment, 1, 0.00, 98.04
expected:, 1, 0.00, 98.05
existence;, 1, 0.00, 98.05
execution’, 1, 0.00, 98.05
executiononce, 1, 0.00, 98.06
executioner’s, 1, 0.00, 98.06
executioner:, 1, 0.00, 98.06
execution, 1, 0.00, 98.07
executes, 1, 0.00, 98.07
executed’, 1, 0.00, 98.08
execute, 1, 0.00, 98.08
exclamation, 1, 0.00, 98.08
examining, 1, 0.00, 98.09
exact, 1, 0.00, 98.09
evidently, 1, 0.00, 98.09
everything’s, 1, 0.00, 98.10
ever;, 1, 0.00, 98.10
ever:, 1, 0.00, 98.11
est, 1, 0.00, 98.11
esq, 1, 0.00, 98.11
escape’, 1, 0.00, 98.12
escape;, 1, 0.00, 98.12
entrance, 1, 0.00, 98.12
enoughi, 1, 0.00, 98.13
enormous, 1, 0.00, 98.13
enjoy, 1, 0.00, 98.14
engraved, 1, 0.00, 98.14
english;, 1, 0.00, 98.14
england, 1, 0.00, 98.15
engaged, 1, 0.00, 98.15
energetic, 1, 0.00, 98.15
ending, 1, 0.00, 98.16
end:, 1, 0.00, 98.16
encouraged, 1, 0.00, 98.17
encourage, 1, 0.00, 98.17
empty:, 1, 0.00, 98.17
emphasis, 1, 0.00, 98.18
elsie, 1, 0.00, 98.18
else”but, 1, 0.00, 98.19
else’s, 1, 0.00, 98.19
eleventh, 1, 0.00, 98.19
elegant, 1, 0.00, 98.20
elbow’, 1, 0.00, 98.20
elbows, 1, 0.00, 98.20
either’, 1, 0.00, 98.21
egg’, 1, 0.00, 98.21
eggs’, 1, 0.00, 98.22
effect:, 1, 0.00, 98.22
eels, 1, 0.00, 98.22
eel, 1, 0.00, 98.23
edwin, 1, 0.00, 98.23
educationsin, 1, 0.00, 98.23
edition, 1, 0.00, 98.24
edgar, 1, 0.00, 98.24
eat”, 1, 0.00, 98.25
eats, 1, 0.00, 98.25
eating, 1, 0.00, 98.25
eaten, 1, 0.00, 98.26
ears’, 1, 0.00, 98.26
eagerly:, 1, 0.00, 98.26
d’, 1, 0.00, 98.27
dunce, 1, 0.00, 98.27
dull’, 1, 0.00, 98.28
duck:, 1, 0.00, 98.28
drowned, 1, 0.00, 98.28
dropping, 1, 0.00, 98.29
drop, 1, 0.00, 98.29
drive, 1, 0.00, 98.29
dripping, 1, 0.00, 98.30
drinking, 1, 0.00, 98.30
driest, 1, 0.00, 98.31
dried, 1, 0.00, 98.31
dressed, 1, 0.00, 98.31
dream’, 1, 0.00, 98.32
dreamy, 1, 0.00, 98.32
dreaming, 1, 0.00, 98.33
dreamed, 1, 0.00, 98.33
dream:, 1, 0.00, 98.33
dreadful’, 1, 0.00, 98.34
dreadful, 1, 0.00, 98.34
drawlingthe, 1, 0.00, 98.34
drawlingmaster, 1, 0.00, 98.35
drawling, 1, 0.00, 98.35
drawing, 1, 0.00, 98.36
draggled, 1, 0.00, 98.36
do”, 1, 0.00, 98.36
dozing, 1, 0.00, 98.37
doze;, 1, 0.00, 98.37
downwards, 1, 0.00, 98.37
downward, 1, 0.00, 98.38
downhere, 1, 0.00, 98.38
down:, 1, 0.00, 98.39
doubtfully:, 1, 0.00, 98.39
doubtfully, 1, 0.00, 98.39
doubt:, 1, 0.00, 98.40
doubling, 1, 0.00, 98.40
doubledup, 1, 0.00, 98.40
double, 1, 0.00, 98.41
dormouse’s, 1, 0.00, 98.41
dormouse:, 1, 0.00, 98.42
doorway;, 1, 0.00, 98.42
doori, 1, 0.00, 98.42
door;, 1, 0.00, 98.43
door:, 1, 0.00, 98.43
don’t’, 1, 0.00, 98.43
dog’s, 1, 0.00, 98.44
dogs, 1, 0.00, 98.44
does’, 1, 0.00, 98.45
dodged, 1, 0.00, 98.45
dive, 1, 0.00, 98.45
distraction, 1, 0.00, 98.46
distancebut, 1, 0.00, 98.46
disobey, 1, 0.00, 98.46
dismay, 1, 0.00, 98.47
disgust, 1, 0.00, 98.47
disappointment, 1, 0.00, 98.48
disappeared;, 1, 0.00, 98.48
disappeared, 1, 0.00, 98.48
disagree, 1, 0.00, 98.49
dinn’, 1, 0.00, 98.49
dinner’, 1, 0.00, 98.50
dinner, 1, 0.00, 98.50
dinn, 1, 0.00, 98.50
dinah’ll, 1, 0.00, 98.51
dinah’, 1, 0.00, 98.51
dinah:, 1, 0.00, 98.51
diligently, 1, 0.00, 98.52
dig, 1, 0.00, 98.52
difficulties, 1, 0.00, 98.53
died, 1, 0.00, 98.53
die, 1, 0.00, 98.53
did:, 1, 0.00, 98.54
diamonds, 1, 0.00, 98.54
desperately:, 1, 0.00, 98.54
desperate, 1, 0.00, 98.55
despair, 1, 0.00, 98.55
deserved, 1, 0.00, 98.56
derision’, 1, 0.00, 98.56
depends, 1, 0.00, 98.56
denying, 1, 0.00, 98.57
denies, 1, 0.00, 98.57
denial;, 1, 0.00, 98.57
delay, 1, 0.00, 98.58
deepest, 1, 0.00, 98.58
declared, 1, 0.00, 98.59
death”’, 1, 0.00, 98.59
dear”, 1, 0.00, 98.59
dear:, 1, 0.00, 98.60
deal:, 1, 0.00, 98.60
days’, 1, 0.00, 98.60
dayschool, 1, 0.00, 98.61
day;, 1, 0.00, 98.61
day:, 1, 0.00, 98.62
daughter, 1, 0.00, 98.62
dates, 1, 0.00, 98.62
darkness, 1, 0.00, 98.63
daresay, 1, 0.00, 98.63
dancing’, 1, 0.00, 98.64
dancing, 1, 0.00, 98.64
dance”’, 1, 0.00, 98.64
dance’, 1, 0.00, 98.65
daisychain, 1, 0.00, 98.65
daisies, 1, 0.00, 98.65
dainties, 1, 0.00, 98.66
cutting’, 1, 0.00, 98.66
custard, 1, 0.00, 98.67
cushion;, 1, 0.00, 98.67
cushion, 1, 0.00, 98.67
curving, 1, 0.00, 98.68
curtseying, 1, 0.00, 98.68
curtsey, 1, 0.00, 98.68
curtain, 1, 0.00, 98.69
currants, 1, 0.00, 98.69
curly, 1, 0.00, 98.70
curls, 1, 0.00, 98.70
curiouser’, 1, 0.00, 98.70
cur, 1, 0.00, 98.71
cup’, 1, 0.00, 98.71
cup, 1, 0.00, 98.71
cunning, 1, 0.00, 98.72
cucumberframes, 1, 0.00, 98.72
cucumberframe, 1, 0.00, 98.73
crumbs, 1, 0.00, 98.73
crouched, 1, 0.00, 98.73
crossly:, 1, 0.00, 98.74
cross, 1, 0.00, 98.74
croqueting, 1, 0.00, 98.74
croqueted, 1, 0.00, 98.75
crocodile, 1, 0.00, 98.75
cries, 1, 0.00, 98.76
crept, 1, 0.00, 98.76
creep, 1, 0.00, 98.76
creatures’, 1, 0.00, 98.77
crazy’, 1, 0.00, 98.77
crawling, 1, 0.00, 98.78
crawled, 1, 0.00, 98.78
crash‘now, 1, 0.00, 98.78
crashed, 1, 0.00, 98.79
coward’, 1, 0.00, 98.79
court”, 1, 0.00, 98.79
courtiers;, 1, 0.00, 98.80
courtiers, 1, 0.00, 98.80
court;, 1, 0.00, 98.81
course“i, 1, 0.00, 98.81
course;, 1, 0.00, 98.81
couple’, 1, 0.00, 98.82
couples:, 1, 0.00, 98.82
country, 1, 0.00, 98.82
counting, 1, 0.00, 98.83
cost, 1, 0.00, 98.83
corners:, 1, 0.00, 98.84
cornerno, 1, 0.00, 98.84
conversations’, 1, 0.00, 98.84
conversations, 1, 0.00, 98.85
contradicted, 1, 0.00, 98.85
content, 1, 0.00, 98.85
contemptuous, 1, 0.00, 98.86
contempt, 1, 0.00, 98.86
consultation, 1, 0.00, 98.87
consider, 1, 0.00, 98.87
consented, 1, 0.00, 98.87
conquest, 1, 0.00, 98.88
conqueror’, 1, 0.00, 98.88
conqueror, 1, 0.00, 98.88
congereel, 1, 0.00, 98.89
confusing’, 1, 0.00, 98.89
conduct, 1, 0.00, 98.90
condemn, 1, 0.00, 98.90
concert’, 1, 0.00, 98.90
concert, 1, 0.00, 98.91
completely, 1, 0.00, 98.91
complaining, 1, 0.00, 98.91
complained, 1, 0.00, 98.92
company, 1, 0.00, 98.92
commotion, 1, 0.00, 98.93
common, 1, 0.00, 98.93
coming’, 1, 0.00, 98.93
comfortably, 1, 0.00, 98.94
comfortable, 1, 0.00, 98.94
comfort, 1, 0.00, 98.95
comfits:, 1, 0.00, 98.95
comfits, 1, 0.00, 98.95
cold, 1, 0.00, 98.96
coils’, 1, 0.00, 98.96
coast, 1, 0.00, 98.96
clubs;, 1, 0.00, 98.97
closer, 1, 0.00, 98.97
closely, 1, 0.00, 98.98
clinging, 1, 0.00, 98.98
climb, 1, 0.00, 98.98
clever’, 1, 0.00, 98.99
clever, 1, 0.00, 98.99
clearly’, 1, 0.00, 98.99
clearer, 1, 0.00, 99.00
cleared, 1, 0.00, 99.00
clean, 1, 0.00, 99.01
classics, 1, 0.00, 99.01
clasped, 1, 0.00, 99.01
clapping, 1, 0.00, 99.02
clamour, 1, 0.00, 99.02
circumstances, 1, 0.00, 99.02
circle, 1, 0.00, 99.03
chuckled, 1, 0.00, 99.03
chrysalisyou, 1, 0.00, 99.04
christmas’, 1, 0.00, 99.04
chose’, 1, 0.00, 99.04
chose, 1, 0.00, 99.05
choosing, 1, 0.00, 99.05
choking, 1, 0.00, 99.05
choke, 1, 0.00, 99.06
choice’, 1, 0.00, 99.06
choice, 1, 0.00, 99.07
chin:, 1, 0.00, 99.07
chimney’, 1, 0.00, 99.07
chimneys, 1, 0.00, 99.08
chimneynay, 1, 0.00, 99.08
children;, 1, 0.00, 99.09
childlife, 1, 0.00, 99.09
childhood:, 1, 0.00, 99.09
child;, 1, 0.00, 99.10
child:, 1, 0.00, 99.10
chief, 1, 0.00, 99.10
cherrytart, 1, 0.00, 99.11
cheerfully, 1, 0.00, 99.11
cheeks, 1, 0.00, 99.12
cheated, 1, 0.00, 99.12
cheap, 1, 0.00, 99.12
chatte’, 1, 0.00, 99.13
charges, 1, 0.00, 99.13
character, 1, 0.00, 99.13
change:, 1, 0.00, 99.14
chanced, 1, 0.00, 99.14
chains, 1, 0.00, 99.15
centre, 1, 0.00, 99.15
ceiling, 1, 0.00, 99.15
cautiously:, 1, 0.00, 99.16
caucusrace, 1, 0.00, 99.16
cattle, 1, 0.00, 99.16
cats:, 1, 0.00, 99.17
caterpillar’s, 1, 0.00, 99.17
caterpillar;, 1, 0.00, 99.18
cat;, 1, 0.00, 99.18
case’, 1, 0.00, 99.18
cartwheels, 1, 0.00, 99.19
carthorse, 1, 0.00, 99.19
carry, 1, 0.00, 99.19
carroll, 1, 0.00, 99.20
carrier’, 1, 0.00, 99.20
cards’, 1, 0.00, 99.21
cards:, 1, 0.00, 99.21
cards, 1, 0.00, 99.21
cardboard, 1, 0.00, 99.22
capering, 1, 0.00, 99.22
canvas, 1, 0.00, 99.22
canterbury, 1, 0.00, 99.23
cannot, 1, 0.00, 99.23
canary, 1, 0.00, 99.24
can;but, 1, 0.00, 99.24
camomile, 1, 0.00, 99.24
calmly, 1, 0.00, 99.25
calling, 1, 0.00, 99.25
cakes’, 1, 0.00, 99.26
cackled, 1, 0.00, 99.26
bythe, 1, 0.00, 99.26
buttons, 1, 0.00, 99.27
butter’, 1, 0.00, 99.27
butterfly, 1, 0.00, 99.27
buttered, 1, 0.00, 99.28
buttercup, 1, 0.00, 99.28
bursting, 1, 0.00, 99.29
burst, 1, 0.00, 99.29
burnt, 1, 0.00, 99.29
burning, 1, 0.00, 99.30
brushing, 1, 0.00, 99.30
brush, 1, 0.00, 99.30
brother’s, 1, 0.00, 99.31
bristling, 1, 0.00, 99.31
brighteyed, 1, 0.00, 99.32
breeze, 1, 0.00, 99.32
breath”, 1, 0.00, 99.32
breathe”’, 1, 0.00, 99.33
breathe’, 1, 0.00, 99.33
breathe, 1, 0.00, 99.33
breadknife’, 1, 0.00, 99.34
breadandbutter’, 1, 0.00, 99.34
brave, 1, 0.00, 99.35
brass, 1, 0.00, 99.35
branch, 1, 0.00, 99.35
brain;, 1, 0.00, 99.36
boyand, 1, 0.00, 99.36
boxed, 1, 0.00, 99.36
bowing, 1, 0.00, 99.37
bound, 1, 0.00, 99.37
bough, 1, 0.00, 99.38
bother, 1, 0.00, 99.38
bore, 1, 0.00, 99.38
boon, 1, 0.00, 99.39
bookshelves;, 1, 0.00, 99.39
books, 1, 0.00, 99.40
bones, 1, 0.00, 99.40
bone, 1, 0.00, 99.40
boldly:, 1, 0.00, 99.41
blows, 1, 0.00, 99.41
blown, 1, 0.00, 99.41
bleeds;, 1, 0.00, 99.42
blame, 1, 0.00, 99.42
blades, 1, 0.00, 99.43
blacking, 1, 0.00, 99.43
bitterandand, 1, 0.00, 99.43
bite’, 1, 0.00, 99.44
bite, 1, 0.00, 99.44
birthday, 1, 0.00, 99.44
bird’, 1, 0.00, 99.45
bird, 1, 0.00, 99.45
be”or, 1, 0.00, 99.46
better’;, 1, 0.00, 99.46
bent, 1, 0.00, 99.46
belt, 1, 0.00, 99.47
below’, 1, 0.00, 99.47
beloved, 1, 0.00, 99.47
belong, 1, 0.00, 99.48
believe’, 1, 0.00, 99.48
believed, 1, 0.00, 99.49
behind’, 1, 0.00, 99.49
beheading, 1, 0.00, 99.49
beheaded, 1, 0.00, 99.50
begun’, 1, 0.00, 99.50
begged, 1, 0.00, 99.50
bee”, 1, 0.00, 99.51
bed’, 1, 0.00, 99.51
beds, 1, 0.00, 99.52
becoming, 1, 0.00, 99.52
beautify, 1, 0.00, 99.52
beast, 1, 0.00, 99.53
bearmind, 1, 0.00, 99.53
bear:, 1, 0.00, 99.53
beak, 1, 0.00, 99.54
bawled, 1, 0.00, 99.54
bat’, 1, 0.00, 99.55
bats’, 1, 0.00, 99.55
bathing, 1, 0.00, 99.55
barleysugar, 1, 0.00, 99.56
barking, 1, 0.00, 99.56
banquet, 1, 0.00, 99.57
bankthe, 1, 0.00, 99.57
banks, 1, 0.00, 99.57
balls, 1, 0.00, 99.58
balanced, 1, 0.00, 99.58
baked, 1, 0.00, 99.58
bag, 1, 0.00, 99.59
backsomersault, 1, 0.00, 99.59
backs, 1, 0.00, 99.60
baby’, 1, 0.00, 99.60
babythe, 1, 0.00, 99.60
baby;, 1, 0.00, 99.61
baby:, 1, 0.00, 99.61
a’, 1, 0.00, 99.61
axis’, 1, 0.00, 99.62
axes’, 1, 0.00, 99.62
awfully, 1, 0.00, 99.63
away:, 1, 0.00, 99.63
avoid, 1, 0.00, 99.63
australia’, 1, 0.00, 99.64
audibly, 1, 0.00, 99.64
at”, 1, 0.00, 99.64
attends, 1, 0.00, 99.65
attending’, 1, 0.00, 99.65
attended, 1, 0.00, 99.66
attempts, 1, 0.00, 99.66
attempted, 1, 0.00, 99.66
attempt, 1, 0.00, 99.67
atheling, 1, 0.00, 99.67
ate, 1, 0.00, 99.67
asleep’, 1, 0.00, 99.68
ask’, 1, 0.00, 99.68
askance, 1, 0.00, 99.69
ask:, 1, 0.00, 99.69
arrow, 1, 0.00, 99.69
arrived, 1, 0.00, 99.70
arranged;, 1, 0.00, 99.70
arminarm, 1, 0.00, 99.71
armchair, 1, 0.00, 99.71
arithmeticambition, 1, 0.00, 99.71
arguments, 1, 0.00, 99.72
argued, 1, 0.00, 99.72
argue, 1, 0.00, 99.72
are;, 1, 0.00, 99.73
arch, 1, 0.00, 99.73
applause, 1, 0.00, 99.74
appearing, 1, 0.00, 99.74
appeared;, 1, 0.00, 99.74
appearance, 1, 0.00, 99.75
appealed, 1, 0.00, 99.75
apiece, 1, 0.00, 99.75
any’, 1, 0.00, 99.76
anywhere, 1, 0.00, 99.76
antipathies, 1, 0.00, 99.77
answer’, 1, 0.00, 99.77
answers’, 1, 0.00, 99.77
ann’, 1, 0.00, 99.78
annoyed’, 1, 0.00, 99.78
annoy, 1, 0.00, 99.78
animal’s, 1, 0.00, 99.79
animal, 1, 0.00, 99.79
angrily:, 1, 0.00, 99.80
ancient, 1, 0.00, 99.80
altogether;, 1, 0.00, 99.80
alternately, 1, 0.00, 99.81
altered’, 1, 0.00, 99.81
aloud;, 1, 0.00, 99.81
along‘catch, 1, 0.00, 99.82
alone’, 1, 0.00, 99.82
alive’, 1, 0.00, 99.83
alive;, 1, 0.00, 99.83
alive, 1, 0.00, 99.83
alice’, 1, 0.00, 99.84
alice‘and, 1, 0.00, 99.84
alarmed, 1, 0.00, 99.84
ai’m, 1, 0.00, 99.85
airs, 1, 0.00, 99.85
air:, 1, 0.00, 99.86
ah, 1, 0.00, 99.86
agony, 1, 0.00, 99.86
ago:, 1, 0.00, 99.87
ago, 1, 0.00, 99.87
again“before, 1, 0.00, 99.88
afterwards’, 1, 0.00, 99.88
afterwards, 1, 0.00, 99.88
aftertime, 1, 0.00, 99.89
afraid’, 1, 0.00, 99.89
afore, 1, 0.00, 99.89
afford, 1, 0.00, 99.90
affectionately, 1, 0.00, 99.90
affair, 1, 0.00, 99.91
advise, 1, 0.00, 99.91
advisable“’, 1, 0.00, 99.91
advisable, 1, 0.00, 99.92
adventures’, 1, 0.00, 99.92
adventuresbeginning, 1, 0.00, 99.92
advantage’, 1, 0.00, 99.93
adoption, 1, 0.00, 99.93
adjourn, 1, 0.00, 99.94
addressing, 1, 0.00, 99.94
adding, 1, 0.00, 99.94
ada’, 1, 0.00, 99.95
actually, 1, 0.00, 99.95
act, 1, 0.00, 99.95
ache’, 1, 0.00, 99.96
accustomed, 1, 0.00, 99.96
accusation’, 1, 0.00, 99.97
accounts, 1, 0.00, 99.97
accounting, 1, 0.00, 99.97
account, 1, 0.00, 99.98
accidentally, 1, 0.00, 99.98
acceptance, 1, 0.00, 99.98
absence, 1, 0.00, 99.99
about;, 1, 0.00, 99.99
able, 1, 0.00, 100.00
abide, 1, 0.00, 100.00
